2.98023e-08
3.09829e-08
3.22089e-08
3.34819e-08
3.48037e-08
3.61761e-08
3.7601e-08
3.90803e-08
4.0616e-08
4.22102e-08
4.38651e-08
4.55829e-08
4.7366e-08
4.92166e-08
5.11372e-08
5.31306e-08
5.51992e-08
5.73458e-08
5.95733e-08
6.18847e-08
6.42829e-08
6.67712e-08
6.93527e-08
7.2031e-08
7.48094e-08
7.76915e-08
8.06812e-08
8.37823e-08
8.69988e-08
9.03348e-08
9.37947e-08
9.73828e-08
1.01104e-07
1.04962e-07
1.08964e-07
1.13112e-07
1.17414e-07
1.21874e-07
1.26497e-07
1.31291e-07
1.3626e-07
1.41411e-07
1.4675e-07
1.52284e-07
1.5802e-07
1.63965e-07
1.70127e-07
1.76512e-07
1.83128e-07
1.89985e-07
1.97089e-07
2.04451e-07
2.12078e-07
2.1998e-07
2.28166e-07
2.36647e-07
2.45432e-07
2.54533e-07
2.63959e-07
2.73723e-07
2.83835e-07
2.94308e-07
3.05154e-07
3.16386e-07
3.28017e-07
3.40061e-07
3.52532e-07
3.65444e-07
3.78813e-07
3.92653e-07
4.06981e-07
4.21814e-07
4.37169e-07
4.53062e-07
4.69513e-07
4.86541e-07
5.04163e-07
5.22401e-07
5.41276e-07
5.60807e-07
5.81019e-07
6.01932e-07
6.23571e-07
6.4596e-07
6.69123e-07
6.93087e-07
7.17878e-07
7.43523e-07
7.70051e-07
7.9749e-07
8.25871e-07
8.55225e-07
8.85583e-07
9.16979e-07
9.49447e-07
9.83022e-07
1.01774e-06
1.05364e-06
1.09075e-06
1.12913e-06
1.1688e-06
1.20982e-06
1.25222e-06
1.29605e-06
1.34135e-06
1.38818e-06
1.43658e-06
1.4866e-06
1.5383e-06
1.59172e-06
1.64693e-06
1.70398e-06
1.76293e-06
1.82384e-06
1.88677e-06
1.95179e-06
2.01896e-06
2.08835e-06
2.16004e-06
2.23408e-06
2.31056e-06
2.38956e-06
2.47115e-06
2.55541e-06
2.64244e-06
2.7323e-06
2.8251e-06
2.92093e-06
3.01987e-06
3.12203e-06
3.2275e-06
3.33639e-06
3.44881e-06
3.56485e-06
3.68464e-06
3.80829e-06
3.93592e-06
4.06765e-06
4.2036e-06
4.34391e-06
4.48871e-06
4.63813e-06
4.79231e-06
4.95141e-06
5.11556e-06
5.28492e-06
5.45966e-06
5.63992e-06
5.82589e-06
6.01772e-06
6.2156e-06
6.4197e-06
6.63022e-06
6.84734e-06
7.07127e-06
7.3022e-06
7.54034e-06
7.78591e-06
8.03912e-06
8.30021e-06
8.56941e-06
8.84695e-06
9.13308e-06
9.42805e-06
9.73213e-06
1.00456e-05
1.03687e-05
1.07017e-05
1.10449e-05
1.13986e-05
1.17632e-05
1.21389e-05
1.2526e-05
1.29249e-05
1.3336e-05
1.37595e-05
1.41959e-05
1.46454e-05
1.51085e-05
1.55856e-05
1.60771e-05
1.65833e-05
1.71047e-05
1.76418e-05
1.81949e-05
1.87645e-05
1.93511e-05
1.99552e-05
2.05773e-05
2.12178e-05
2.18773e-05
2.25564e-05
2.32555e-05
2.39752e-05
2.47161e-05
2.54788e-05
2.62639e-05
2.70719e-05
2.79037e-05
2.87597e-05
2.96407e-05
3.05474e-05
3.14804e-05
3.24405e-05
3.34285e-05
3.4445e-05
3.54909e-05
3.65669e-05
3.7674e-05
3.88128e-05
3.99843e-05
4.11894e-05
4.2429e-05
4.3704e-05
4.50153e-05
4.63639e-05
4.77509e-05
4.91772e-05
5.06439e-05
5.21521e-05
5.37029e-05
5.52973e-05
5.69366e-05
5.8622e-05
6.03546e-05
6.21357e-05
6.39666e-05
6.58485e-05
6.77829e-05
6.97711e-05
7.18144e-05
7.39144e-05
7.60724e-05
7.829e-05
8.05688e-05
8.29103e-05
8.53161e-05
8.77879e-05
9.03274e-05
9.29363e-05
9.56164e-05
9.83694e-05
0.000101197
0.000104102
0.000107085
0.00011015
0.000113296
0.000116528
0.000119847
0.000123254
0.000126753
0.000130346
0.000134035
0.000137822
0.00014171
0.000145701
0.000149798
0.000154004
0.000158321
0.000162752
0.000167299
0.000171966
0.000176755
0.00018167
0.000186714
0.000191889
0.000197199
0.000202647
0.000208237
0.000213971
0.000219854
0.000225888
0.000232078
0.000238428
0.00024494
0.000251619
0.000258469
0.000265494
0.000272699
0.000280086
0.000287661
0.000295428
0.000303391
0.000311556
0.000319926
0.000328507
0.000337303
0.00034632
0.000355562
0.000365035
0.000374744
0.000384694
0.000394891
0.000405342
0.00041605
0.000427023
0.000438266
0.000449785
0.000461587
0.000473678
0.000486065
0.000498754
0.000511752
0.000525065
0.000538702
0.000552668
0.000566972
0.000581621
0.000596622
0.000611983
0.000627713
0.000643819
0.000660309
0.000677192
0.000694477
0.000712171
0.000730285
0.000748826
0.000767805
0.000787231
0.000807113
0.000827461
0.000848285
0.000869595
0.000891402
0.000913715
0.000936547
0.000959907
0.000983806
0.00100826
0.00103327
0.00105886
0.00108503
0.00111181
0.00113919
0.0011672
0.00119584
0.00122513
0.00125509
0.00128572
0.00131704
0.00134907
0.00138182
0.0014153
0.00144952
0.00148451
0.00152028
0.00155684
0.00159421
0.00163241
0.00167145
0.00171135
0.00175212
0.00179379
0.00183637
0.00187988
0.00192433
0.00196975
0.00201616
0.00206357
0.002112
0.00216147
0.002212
0.00226362
0.00231634
0.00237019
0.00242518
0.00248134
0.00253869
0.00259725
0.00265705
0.0027181
0.00278044
0.00284408
0.00290905
0.00297538
0.00304308
0.0031122
0.00318274
0.00325474
0.00332822
0.00340321
0.00347974
0.00355784
0.00363753
0.00371885
0.00380181
0.00388646
0.00397282
0.00406092
0.00415079
0.00424247
0.00433599
0.00443137
0.00452865
0.00462787
0.00472905
0.00483224
0.00493746
0.00504475
0.00515415
0.00526569
0.00537941
0.00549535
0.00561355
0.00573403
0.00585685
0.00598203
0.00610962
0.00623967
0.0063722
0.00650727
0.00664491
0.00678516
0.00692807
0.00707368
0.00722204
0.00737319
0.00752718
0.00768404
0.00784384
0.0080066
0.00817239
0.00834125
0.00851322
0.00868836
0.00886672
0.00904835
0.00923329
0.0094216
0.00961333
0.00980854
0.0100073
0.0102096
0.0104155
0.0106252
0.0108386
0.0110558
0.0112768
0.0115018
0.0117308
0.0119637
0.0122008
0.0124421
0.0126875
0.0129373
0.0131913
0.0134498
0.0137128
0.0139802
0.0142523
0.014529
0.0148105
0.0150967
0.0153879
0.0156839
0.015985
0.0162911
0.0166023
0.0169188
0.0172405
0.0175676
0.0179001
0.0182381
0.0185817
0.018931
0.0192859
0.0196467
0.0200133
0.0203859
0.0207645
0.0211493
0.0215402
0.0219374
0.0223409
0.0227509
0.0231674
0.0235904
0.0240202
0.0244567
0.0249001
0.0253504
0.0258077
0.0262721
0.0267437
0.0272226
0.0277089
0.0282026
0.0287038
0.0292127
0.0297294
0.0302538
0.0307861
0.0313265
0.0318749
0.0324316
0.0329965
0.0335698
0.0341515
0.0347419
0.0353409
0.0359486
0.0365652
0.0371908
0.0378254
0.0384692
0.0391222
0.0397846
0.0404564
0.0411378
0.0418288
0.0425296
0.0432402
0.0439608
0.0446914
0.0454323
0.0461833
0.0469448
0.0477167
0.0484992
0.0492924
0.0500964
0.0509112
0.0517371
0.0525741
0.0534223
0.0542818
0.0551527
0.0560351
0.0569292
0.0578351
0.0587528
0.0596824
0.0606241
0.061578
0.0625442
0.0635227
0.0645138
0.0655175
0.0665338
0.067563
0.0686052
0.0696603
0.0707286
0.0718102
0.0729051
0.0740135
0.0751355
0.0762711
0.0774206
0.0785839
0.0797613
0.0809527
0.0821584
0.0833783
0.0846128
0.0858617
0.0871253
0.0884036
0.0896968
0.0910049
0.092328
0.0936664
0.0950199
0.0963889
0.0977733
0.0991732
0.100589
0.10202
0.103467
0.104931
0.10641
0.107905
0.109417
0.110945
0.112489
0.11405
0.115628
0.117222
0.118833
0.120461
0.122106
0.123768
0.125447
0.127143
0.128857
0.130588
0.132337
0.134103
0.135887
0.137688
0.139508
0.141345
0.1432
0.145073
0.146965
0.148874
0.150802
0.152748
0.154712
0.156695
0.158696
0.160716
0.162754
0.164811
0.166887
0.168982
0.171095
0.173228
0.175379
0.177549
0.179738
0.181947
0.184174
0.186421
0.188686
0.190971
0.193275
0.195599
0.197942
0.200304
0.202685
0.205086
0.207506
0.209946
0.212405
0.214883
0.217381
0.219898
0.222435
0.224991
0.227567
0.230162
0.232777
0.235411
0.238064
0.240737
0.24343
0.246141
0.248872
0.251623
0.254392
0.257181
0.259989
0.262817
0.265663
0.268529
0.271413
0.274317
0.27724
0.280182
0.283142
0.286122
0.28912
0.292136
0.295172
0.298226
0.301298
0.304389
0.307498
0.310625
0.31377
0.316934
0.320115
0.323314
0.326531
0.329766
0.333018
0.336287
0.339574
0.342878
0.346199
0.349537
0.352892
0.356263
0.359651
0.363055
0.366476
0.369913
0.373365
0.376834
0.380318
0.383817
0.387332
0.390862
0.394407
0.397967
0.401541
0.40513
0.408733
0.41235
0.415981
0.419626
0.423284
0.426955
0.43064
0.434337
0.438047
0.44177
0.445504
0.449251
0.45301
0.456779
0.460561
0.464353
0.468156
0.47197
0.475794
0.479628
0.483472
0.487325
0.491188
0.49506
0.49894
0.502829
0.506726
0.510632
0.514545
0.518465
0.522392
0.526326
0.530267
0.534214
0.538166
0.542125
0.546089
0.550057
0.554031
0.558008
0.56199
0.565976
0.569965
0.573957
0.577951
0.581949
0.585948
0.589949
0.593952
0.597955
0.60196
0.605964
0.609969
0.613974
0.617978
0.62198
0.625982
0.629982
0.633979
0.637975
0.641967
0.645956
0.649942
0.653924
0.657901
0.661874
0.665842
0.669804
0.673761
0.677711
0.681655
0.685592
0.689521
0.693443
0.697357
0.701262
0.705158
0.709046
0.712923
0.716791
0.720648
0.724494
0.728329
0.732152
0.735963
0.739762
0.743548
0.747321
0.75108
0.754826
0.758556
0.762272
0.765973
0.769659
0.773328
0.776981
0.780617
0.784236
0.787837
0.791421
0.794986
0.798532
0.802059
0.805567
0.809055
0.812522
0.815969
0.819394
0.822798
0.82618
0.82954
0.832878
0.836192
0.839483
0.84275
0.845993
0.849211
0.852404
0.855572
0.858715
0.861831
0.864921
0.867984
0.871021
0.874029
0.87701
0.879963
0.882887
0.885782
0.888648
0.891484
0.89429
0.897066
0.899812
0.902526
0.90521
0.907861
0.910481
0.913068
0.915623
0.918145
0.920634
0.923089
0.925511
0.927898
0.930251
0.93257
0.934853
0.937101
0.939313
0.94149
0.943631
0.945735
0.947803
0.949833
0.951827
0.953783
0.955702
0.957582
0.959425
0.961229
0.962994
0.964721
0.966409
0.968057
0.969666
0.971235
0.972765
0.974254
0.975703
0.977112
0.97848
0.979807
0.981093
0.982339
0.983542
0.984705
0.985825
0.986904
0.987942
0.988937
0.98989
0.9908
0.991668
0.992494
0.993277
0.994018
0.994715
0.99537
0.995982
0.99655
0.997076
0.997558
0.997997
0.998392
0.998745
0.999054
0.999319
0.999541
0.999719
0.999854
0.999945
0.999992
0.999996
0.999957
0.999873
0.999747
0.999576
0.999362
0.999105
0.998804
0.99846
0.998072
0.997641
0.997167
0.996649
0.996088
0.995484
0.994837
0.994148
0.993415
0.99264
0.991822
0.990961
0.990058
0.989113
0.988126
0.987096
0.986025
0.984912
0.983757
0.98256
0.981323
0.980044
0.978724
0.977364
0.975962
0.974521
0.973039
0.971516
0.969954
0.968353
0.966711
0.965031
0.963311
0.961553
0.959756
0.95792
0.956046
0.954135
0.952185
0.950198
0.948175
0.946114
0.944016
0.941882
0.939712
0.937506
0.935264
0.932987
0.930675
0.928329
0.925947
0.923532
0.921083
0.9186
0.916084
0.913535
0.910954
0.90834
0.905694
0.903016
0.900308
0.897568
0.894797
0.891996
0.889166
0.886305
0.883415
0.880496
0.877549
0.874573
0.87157
0.868539
0.86548
0.862395
0.859283
0.856146
0.852982
0.849793
0.84658
0.843341
0.840078
0.836792
0.833482
0.830149
0.826793
0.823415
0.820015
0.816593
0.81315
0.809687
0.806203
0.802699
0.799175
0.795632
0.79207
0.78849
0.784892
0.781276
0.777643
0.773993
0.770327
0.766645
0.762946
0.759233
0.755505
0.751762
0.748006
0.744235
0.740451
0.736655
0.732846
0.729025
0.725192
0.721348
0.717493
0.713627
0.709751
0.705866
0.701971
0.698068
0.694155
0.690235
0.686307
0.682371
0.678429
0.674479
0.670524
0.666562
0.662596
0.658624
0.654647
0.650666
0.646681
0.642692
0.638701
0.634706
0.630709
0.626709
0.622708
0.618705
0.614702
0.610697
0.606693
0.602688
0.598683
0.59468
0.590677
0.586675
0.582676
0.578678
0.574683
0.57069
0.566701
0.562715
0.558732
0.554754
0.550779
0.54681
0.542845
0.538886
0.534932
0.530984
0.527042
0.523107
0.519178
0.515257
0.511343
0.507436
0.503537
0.499647
0.495765
0.491891
0.488027
0.484172
0.480326
0.47649
0.472664
0.468849
0.465044
0.461249
0.457466
0.453694
0.449934
0.446185
0.442448
0.438723
0.435011
0.431311
0.427624
0.423951
0.42029
0.416643
0.413009
0.40939
0.405784
0.402193
0.398616
0.395053
0.391505
0.387973
0.384455
0.380953
0.377466
0.373995
0.370539
0.3671
0.363676
0.360269
0.356878
0.353504
0.350146
0.346805
0.343481
0.340174
0.336884
0.333611
0.330356
0.327118
0.323898
0.320696
0.317511
0.314344
0.311196
0.308065
0.304953
0.301859
0.298783
0.295726
0.292687
0.289667
0.286665
0.283682
0.280719
0.277773
0.274847
0.27194
0.269052
0.266183
0.263333
0.260502
0.25769
0.254898
0.252125
0.249371
0.246636
0.243921
0.241225
0.238549
0.235892
0.233254
0.230636
0.228037
0.225458
0.222898
0.220358
0.217837
0.215336
0.212854
0.210391
0.207948
0.205524
0.20312
0.200735
0.19837
0.196023
0.193696
0.191389
0.1891
0.186831
0.184581
0.18235
0.180138
0.177946
0.175772
0.173617
0.171482
0.169365
0.167267
0.165187
0.163127
0.161085
0.159062
0.157057
0.155071
0.153103
0.151154
0.149223
0.14731
0.145416
0.143539
0.141681
0.13984
0.138018
0.136213
0.134426
0.132657
0.130905
0.129171
0.127454
0.125754
0.124072
0.122407
0.120759
0.119128
0.117514
0.115916
0.114336
0.112772
0.111224
0.109693
0.108179
0.106681
0.105198
0.103732
0.102282
0.100848
0.0994294
0.0980266
0.0966394
0.0952677
0.0939113
0.0925702
0.0912443
0.0899335
0.0886376
0.0873566
0.0860903
0.0848388
0.0836017
0.0823791
0.0811708
0.0799768
0.0787969
0.0776311
0.0764791
0.075341
0.0742165
0.0731057
0.0720083
0.0709243
0.0698536
0.068796
0.0677516
0.06672
0.0657013
0.0646953
0.063702
0.0627212
0.0617528
0.0607967
0.0598527
0.0589209
0.058001
0.0570931
0.0561968
0.0553123
0.0544393
0.0535777
0.0527275
0.0518885
0.0510606
0.0502437
0.0494378
0.0486426
0.0478582
0.0470844
0.046321
0.0455681
0.0448254
0.0440929
0.0433705
0.042658
0.0419555
0.0412627
0.0405796
0.039906
0.0392419
0.0385872
0.0379418
0.0373055
0.0366783
0.0360601
0.0354507
0.0348501
0.0342582
0.0336749
0.0331001
0.0325337
0.0319755
0.0314256
0.0308838
0.03035
0.0298241
0.0293061
0.0287958
0.0282932
0.0277981
0.0273105
0.0268302
0.0263573
0.0258916
0.025433
0.0249814
0.0245368
0.024099
0.0236681
0.0232438
0.0228261
0.022415
0.0220103
0.0216119
0.0212199
0.020834
0.0204543
0.0200806
0.0197129
0.0193511
0.0189951
0.0186448
0.0183002
0.0179612
0.0176277
0.0172996
0.0169769
0.0166595
0.0163473
0.0160402
0.0157383
0.0154413
0.0151493
0.0148622
0.0145799
0.0143023
0.0140294
0.013761
0.0134973
0.013238
0.0129831
0.0127326
0.0124864
0.0122444
0.0120065
0.0117728
0.0115431
0.0113174
0.0110957
0.0108778
0.0106637
0.0104534
0.0102468
0.0100438
0.00984441
0.00964857
0.00945621
0.00926728
0.00908172
0.0088995
0.00872055
0.00854483
0.00837228
0.00820286
0.00803652
0.00787321
0.00771288
0.00755548
0.00740098
0.00724932
0.00710045
0.00695434
0.00681094
0.00667021
0.0065321
0.00639657
0.00626358
0.00613309
0.00600505
0.00587943
0.00575619
0.00563528
0.00551667
0.00540033
0.00528621
0.00517427
0.00506448
0.00495681
0.00485121
0.00474766
0.00464612
0.00454654
0.00444891
0.00435319
0.00425934
0.00416733
0.00407713
0.00398871
0.00390203
0.00381708
0.00373381
0.0036522
0.00357221
0.00349383
0.00341701
0.00334174
0.00326799
0.00319572
0.00312491
0.00305555
0.00298759
0.00292101
0.00285579
0.00279191
0.00272934
0.00266805
0.00260803
0.00254925
0.00249168
0.0024353
0.0023801
0.00232605
0.00227312
0.00222131
0.00217058
0.00212091
0.00207229
0.0020247
0.00197812
0.00193252
0.00188789
0.00184421
0.00180147
0.00175963
0.0017187
0.00167864
0.00163945
0.0016011
0.00156358
0.00152687
0.00149096
0.00145583
0.00142146
0.00138785
0.00135497
0.00132282
0.00129137
0.00126061
0.00123053
0.00120112
0.00117236
0.00114423
0.00111674
0.00108986
0.00106357
0.00103788
0.00101276
0.000988211
0.000964212
0.000940754
0.000917828
0.000895421
0.000873523
0.000852123
0.000831211
0.000810778
0.000790812
0.000771304
0.000752244
0.000733624
0.000715433
0.000697663
0.000680305
0.000663349
0.000646788
0.000630613
0.000614816
0.000599388
0.000584322
0.000569609
0.000555243
0.000541216
0.00052752
0.000514148
0.000501094
0.000488349
0.000475908
0.000463764
0.00045191
0.000440339
0.000429047
0.000418025
0.000407269
0.000396773
0.00038653
0.000376535
0.000366782
0.000357267
0.000347983
0.000338926
0.00033009
0.00032147
0.000313062
0.00030486
0.000296861
0.000289059
0.000281449
0.000274028
0.000266791
0.000259734
0.000252852
0.000246142
0.000239599
0.000233221
0.000227002
0.000220939
0.000215029
0.000209268
0.000203653
0.000198179
0.000192844
0.000187645
0.000182578
0.00017764
0.000172828
0.000168139
0.00016357
0.000159118
0.000154781
0.000150555
0.000146438
0.000142428
0.000138521
0.000134716
0.00013101
0.0001274
0.000123884
0.000120459
0.000117125
0.000113878
0.000110715
0.000107636
0.000104639
0.00010172
9.8878e-05
9.61114e-05
9.34182e-05
9.07965e-05
8.82446e-05
8.57606e-05
8.33429e-05
8.09898e-05
7.86998e-05
7.64711e-05
7.43024e-05
7.2192e-05
7.01384e-05
6.81404e-05
6.61963e-05
6.43049e-05
6.24648e-05
6.06748e-05
5.89334e-05
5.72396e-05
5.5592e-05
5.39895e-05
5.24309e-05
5.0915e-05
4.94409e-05
4.80073e-05
4.66132e-05
4.52577e-05
4.39397e-05
4.26582e-05
4.14122e-05
4.02009e-05
3.90234e-05
3.78786e-05
3.67659e-05
3.56843e-05
3.46329e-05
3.36111e-05
3.26181e-05
3.1653e-05
3.07151e-05
2.98037e-05
2.8918e-05
2.80575e-05
2.72214e-05
2.6409e-05
2.56198e-05
2.48531e-05
2.41083e-05
2.33848e-05
2.2682e-05
2.19993e-05
2.13363e-05
2.06924e-05
2.0067e-05
1.94597e-05
1.88699e-05
1.82972e-05
1.77411e-05
1.72012e-05
1.6677e-05
1.6168e-05
1.56739e-05
1.51942e-05
1.47286e-05
1.42766e-05
1.38379e-05
1.34121e-05
1.29988e-05
1.25977e-05
1.22084e-05
1.18307e-05
1.14641e-05
1.11084e-05
1.07633e-05
1.04285e-05
1.01036e-05
9.78842e-06
9.48266e-06
9.18605e-06
8.89833e-06
8.61924e-06
8.34855e-06
8.086e-06
7.83137e-06
7.58443e-06
7.34495e-06
7.11273e-06
6.88754e-06
6.6692e-06
6.45749e-06
6.25224e-06
6.05324e-06
5.86032e-06
5.6733e-06
5.49202e-06
5.31629e-06
5.14596e-06
4.98087e-06
4.82087e-06
4.6658e-06
4.51553e-06
4.3699e-06
4.22879e-06
4.09205e-06
3.95956e-06
3.8312e-06
3.70683e-06
3.58635e-06
3.46963e-06
3.35657e-06
3.24704e-06
3.14095e-06
3.0382e-06
2.93868e-06
2.8423e-06
2.74895e-06
2.65856e-06
2.57103e-06
2.48627e-06
2.4042e-06
2.32474e-06
2.2478e-06
2.17332e-06
2.10121e-06
2.03141e-06
1.96384e-06
1.89844e-06
1.83513e-06
1.77386e-06
1.71456e-06
1.65717e-06
1.60163e-06
1.54788e-06
1.49587e-06
1.44555e-06
1.39686e-06
1.34975e-06
1.30417e-06
1.26008e-06
1.21742e-06
1.17616e-06
1.13624e-06
1.09764e-06
1.06029e-06
1.02418e-06
9.89248e-07
9.55468e-07
9.22802e-07
8.91214e-07
8.60669e-07
8.31135e-07
8.02579e-07
7.74971e-07
7.4828e-07
7.22476e-07
6.97532e-07
6.7342e-07
6.50113e-07
6.27585e-07
6.05812e-07
5.84768e-07
5.64431e-07
5.44777e-07
5.25785e-07
5.07433e-07
4.897e-07
4.72566e-07
4.56012e-07
4.40018e-07
4.24567e-07
4.0964e-07
3.95221e-07
3.81293e-07
3.6784e-07
3.54846e-07
3.42296e-07
3.30176e-07
3.18471e-07
3.07167e-07
2.96252e-07
2.85712e-07
2.75535e-07
2.65709e-07
2.56222e-07
2.47063e-07
2.38221e-07
2.29686e-07
2.21447e-07
2.13494e-07
2.05817e-07
1.98408e-07
1.91258e-07
1.84357e-07
1.77697e-07
1.71271e-07
1.65069e-07
1.59086e-07
1.53312e-07
1.47742e-07
1.42367e-07
1.37183e-07
1.32181e-07
1.27356e-07
1.22702e-07
1.18213e-07
1.13883e-07
1.09707e-07
1.05679e-07
1.01795e-07
9.80494e-08
9.44374e-08
9.09546e-08
8.75963e-08
8.43584e-08
8.12367e-08
7.8227e-08
7.53256e-08
7.25286e-08
6.98324e-08
6.72335e-08
6.47286e-08
6.23142e-08
5.99873e-08
5.77447e-08
5.55836e-08
5.3501e-08
5.14942e-08
4.95605e-08
4.76973e-08
4.59022e-08
4.41727e-08
4.25066e-08
4.09015e-08
3.93552e-08
3.78658e-08
3.64312e-08
3.50494e-08
3.37185e-08
3.24368e-08
3.12024e-08
3.00137e-08
2.8869e-08
2.77667e-08
2.67054e-08
2.56835e-08
2.46997e-08
2.37525e-08
2.28406e-08
2.19628e-08
2.11178e-08
2.03044e-08
1.95215e-08
1.8768e-08
1.80428e-08
1.73448e-08
1.66731e-08
1.60267e-08
1.54047e-08
1.48062e-08
1.42304e-08
1.36763e-08
1.31432e-08
1.26304e-08
1.2137e-08
1.16625e-08
1.12059e-08
1.07668e-08
1.03444e-08
9.93821e-09
9.54751e-09
9.17178e-09
8.81044e-09
8.46298e-09
8.12886e-09
7.80759e-09
7.4987e-09
7.20171e-09
6.91618e-09
6.64168e-09
6.3778e-09
6.12413e-09
5.8803e-09
5.64593e-09
5.42067e-09
5.20416e-09
4.99609e-09
4.79613e-09
4.60396e-09
4.41931e-09
4.24187e-09
4.07139e-09
3.90758e-09
3.7502e-09
3.59901e-09
3.45375e-09
3.31422e-09
3.18018e-09
3.05144e-09
2.92777e-09
2.809e-09
2.69493e-09
2.58537e-09
2.48016e-09
2.37913e-09
2.28212e-09
2.18897e-09
2.09952e-09
2.01365e-09
1.9312e-09
1.85205e-09
1.77606e-09
1.70312e-09
1.6331e-09
1.56589e-09
1.50138e-09
1.43947e-09
1.38005e-09
1.32303e-09
1.2683e-09
1.21579e-09
1.1654e-09
1.11705e-09
1.07066e-09
1.02615e-09
9.8345e-10
9.42484e-10
9.03185e-10
8.65488e-10
8.29327e-10
7.94643e-10
7.61376e-10
7.2947e-10
6.98871e-10
6.69526e-10
6.41385e-10
6.144e-10
5.88525e-10
5.63715e-10
5.39927e-10
5.17121e-10
4.95256e-10
4.74295e-10
4.54202e-10
4.34941e-10
4.16478e-10
3.98782e-10
3.81821e-10
3.65565e-10
3.49986e-10
3.35057e-10
3.2075e-10
3.07041e-10
2.93905e-10
2.81319e-10
2.6926e-10
2.57707e-10
2.46638e-10
2.36035e-10
2.25878e-10
2.16148e-10
2.06829e-10
1.97903e-10
1.89353e-10
1.81165e-10
1.73324e-10
1.65815e-10
1.58624e-10
1.51738e-10
1.45145e-10
1.38833e-10
1.32789e-10
1.27003e-10
1.21463e-10
1.1616e-10
1.11084e-10
1.06225e-10
1.01574e-10
9.71226e-11
9.28621e-11
8.87847e-11
8.48825e-11
8.11484e-11
7.75751e-11
7.4156e-11
7.08845e-11
6.77543e-11
6.47595e-11
6.18944e-11
5.91535e-11
5.65315e-11
5.40234e-11
5.16243e-11
4.93296e-11
4.71348e-11
4.50357e-11
4.30282e-11
4.11085e-11
3.92726e-11
3.75171e-11
3.58385e-11
3.42336e-11
3.2699e-11
3.12319e-11
2.98294e-11
2.84885e-11
2.72068e-11
2.59816e-11
2.48104e-11
2.36911e-11
2.26212e-11
2.15988e-11
2.06216e-11
1.96878e-11
1.87954e-11
1.79428e-11
1.7128e-11
1.63496e-11
1.56058e-11
1.48952e-11
1.42164e-11
1.35679e-11
1.29484e-11
1.23567e-11
1.17915e-11
1.12516e-11
1.0736e-11
1.02436e-11
9.77335e-12
9.32428e-12
8.89545e-12
8.48598e-12
8.095e-12
7.72169e-12
7.36528e-12
7.02502e-12
6.70018e-12
6.39009e-12
6.09408e-12
5.81153e-12
5.54184e-12
5.28443e-12
5.03876e-12
4.8043e-12
4.58055e-12
4.36703e-12
4.16329e-12
3.96887e-12
3.78337e-12
3.60638e-12
3.43753e-12
3.27643e-12
3.12275e-12
2.97615e-12
2.8363e-12
2.70291e-12
2.57568e-12
2.45434e-12
2.3386e-12
2.22823e-12
2.12298e-12
2.0226e-12
1.92689e-12
1.83563e-12
1.74862e-12
1.66565e-12
1.58656e-12
1.51115e-12
1.43926e-12
1.37074e-12
1.30542e-12
1.24316e-12
1.18382e-12
1.12726e-12
1.07335e-12
1.02198e-12
9.73027e-13
9.26377e-13
8.81925e-13
8.39569e-13
7.99213e-13
7.60763e-13
7.24132e-13
6.89234e-13
6.5599e-13
6.24322e-13
5.94156e-13
5.65424e-13
5.38058e-13
5.11993e-13
4.87171e-13
4.63531e-13
4.41019e-13
4.19582e-13
3.9917e-13
3.79735e-13
3.6123e-13
3.43611e-13
3.26838e-13
3.1087e-13
2.95669e-13
2.812e-13
2.67426e-13
2.54316e-13
2.41839e-13
2.29963e-13
2.18662e-13
2.07906e-13
1.97671e-13
1.87932e-13
1.78664e-13
1.69847e-13
1.61457e-13
1.53475e-13
1.45882e-13
1.38658e-13
1.31786e-13
1.25249e-13
1.19031e-13
1.13117e-13
1.07492e-13
1.02142e-13
9.70547e-14
9.22165e-14
8.76156e-14
8.32406e-14
7.90807e-14
7.51253e-14
7.13647e-14
6.77894e-14
6.43904e-14
6.11592e-14
5.80875e-14
5.51678e-14
5.23925e-14
4.97546e-14
4.72475e-14
4.48648e-14
4.26004e-14
4.04485e-14
3.84037e-14
3.64606e-14
3.46143e-14
3.28601e-14
3.11934e-14
2.961e-14
2.81057e-14
2.66767e-14
2.53192e-14
2.40298e-14
2.2805e-14
2.16417e-14
2.05369e-14
1.94876e-14
1.84911e-14
1.75448e-14
1.66463e-14
1.5793e-14
1.49828e-14
1.42136e-14
1.34833e-14
1.27899e-14
1.21317e-14
1.15068e-14
1.09137e-14
1.03506e-14
9.81624e-15
9.30902e-15
8.82762e-15
8.37075e-15
7.93718e-15
7.52574e-15
7.13532e-15
6.76486e-15
6.41335e-15
6.07984e-15
5.76342e-15
5.46323e-15
5.17845e-15
4.90831e-15
4.65205e-15
4.40898e-15
4.17842e-15
3.95976e-15
3.75237e-15
3.55568e-15
3.36916e-15
3.19229e-15
3.02457e-15
2.86553e-15
2.71474e-15
2.57177e-15
2.43623e-15
2.30773e-15
2.18591e-15
2.07043e-15
1.96097e-15
1.85721e-15
1.75887e-15
1.66566e-15
1.57732e-15
1.4936e-15
1.41426e-15
1.33908e-15
1.26784e-15
1.20034e-15
1.13638e-15
1.07579e-15
1.01838e-15
9.6399e-16
9.12467e-16
8.6366e-16
8.17427e-16
7.73637e-16
7.3216e-16
6.92876e-16
6.55672e-16
6.20438e-16
5.87072e-16
5.55477e-16
5.25558e-16
4.9723e-16
4.70408e-16
4.45013e-16
4.20971e-16
3.98211e-16
3.76664e-16
3.56268e-16
3.36962e-16
3.18688e-16
3.01392e-16
2.85022e-16
2.6953e-16
2.54868e-16
2.40994e-16
2.27865e-16
2.15441e-16
2.03687e-16
1.92565e-16
1.82042e-16
1.72087e-16
1.6267e-16
1.53761e-16
1.45333e-16
1.37362e-16
1.29822e-16
1.2269e-16
1.15946e-16
1.09567e-16
1.03535e-16
9.78301e-17
9.24359e-17
8.73354e-17
8.25126e-17
7.79528e-17
7.36418e-17
6.95662e-17
6.57132e-17
6.20709e-17
5.8628e-17
5.53736e-17
5.22976e-17
4.93903e-17
4.66426e-17
4.40458e-17
4.15918e-17
3.92728e-17
3.70815e-17
3.5011e-17
3.30546e-17
3.12061e-17
2.94598e-17
2.78099e-17
2.62514e-17
2.4779e-17
2.33883e-17
2.20746e-17
2.08338e-17
1.96619e-17
1.85551e-17
1.75099e-17
1.65228e-17
1.55907e-17
1.47105e-17
1.38794e-17
1.30947e-17
1.23538e-17
1.16543e-17
1.0994e-17
1.03706e-17
9.78213e-18
9.22666e-18
8.70234e-18
8.20747e-18
7.7404e-18
7.29959e-18
6.88358e-18
6.491e-18
6.12055e-18
5.77098e-18
5.44114e-18
5.12993e-18
4.83631e-18
4.5593e-18
4.29796e-18
4.05143e-18
3.81887e-18
3.59951e-18
3.3926e-18
3.19744e-18
3.01338e-18
2.83979e-18
2.67608e-18
2.5217e-18
2.37612e-18
2.23885e-18
2.10942e-18
1.98738e-18
1.87232e-18
1.76385e-18
1.66159e-18
1.56519e-18
1.47431e-18
1.38866e-18
1.30792e-18
1.23182e-18
1.1601e-18
1.09251e-18
1.02881e-18
9.68784e-19
9.1222e-19
8.5892e-19
8.087e-19
7.61383e-19
7.16803e-19
6.74804e-19
6.35238e-19
5.97966e-19
5.62856e-19
5.29785e-19
4.98635e-19
4.69296e-19
4.41664e-19
4.15641e-19
3.91134e-19
3.68056e-19
3.46325e-19
3.25862e-19
3.06595e-19
2.88455e-19
2.71376e-19
2.55298e-19
2.40161e-19
2.25912e-19
2.12499e-19
1.99874e-19
1.87991e-19
1.76806e-19
1.6628e-19
1.56374e-19
1.47051e-19
1.38278e-19
1.30023e-19
1.22255e-19
1.14947e-19
1.0807e-19
1.01601e-19
9.55144e-20
8.97887e-20
8.44025e-20
7.93361e-20
7.45704e-20
7.0088e-20
6.58722e-20
6.19073e-20
5.81784e-20
5.46718e-20
5.13743e-20
4.82736e-20
4.5358e-20
4.26167e-20
4.00393e-20
3.76162e-20
3.53381e-20
3.31966e-20
3.11835e-20
2.92912e-20
2.75125e-20
2.58407e-20
2.42694e-20
2.27927e-20
2.14049e-20
2.01007e-20
1.88752e-20
1.77236e-20
1.66415e-20
1.56249e-20
1.46697e-20
1.37723e-20
1.29292e-20
1.21372e-20
1.13932e-20
1.06944e-20
1.0038e-20
9.42143e-21
8.84238e-21
8.29856e-21
7.78784e-21
7.30824e-21
6.85787e-21
6.43498e-21
6.0379e-21
5.66507e-21
5.31504e-21
4.98641e-21
4.67791e-21
4.38829e-21
4.11643e-21
3.86124e-21
3.62171e-21
3.3969e-21
3.1859e-21
2.98787e-21
2.80204e-21
2.62764e-21
2.464e-21
2.31044e-21
2.16636e-21
2.03118e-21
1.90434e-21
1.78535e-21
1.67373e-21
1.56901e-21
1.47078e-21
1.37864e-21
1.29222e-21
1.21116e-21
1.13513e-21
1.06384e-21
9.96973e-22
9.34272e-22
8.75475e-22
8.20344e-22
7.6865e-22
7.20182e-22
6.74742e-22
6.3214e-22
5.92203e-22
5.54765e-22
5.19671e-22
4.86775e-22
4.55942e-22
4.27044e-22
3.99959e-22
3.74576e-22
3.50789e-22
3.28498e-22
3.0761e-22
2.88038e-22
2.69699e-22
2.52517e-22
2.36419e-22
2.21338e-22
2.07209e-22
1.93975e-22
1.81577e-22
1.69965e-22
1.59088e-22
1.48901e-22
1.3936e-22
1.30424e-22
1.22057e-22
1.14221e-22
1.06883e-22
1.00013e-22
9.358e-23
8.7557e-23
8.19181e-23
7.66391e-23
7.16971e-23
6.70708e-23
6.27404e-23
5.86869e-23
5.4893e-23
5.13421e-23
4.80188e-23
4.49086e-23
4.19981e-23
3.92745e-23
3.67259e-23
3.43412e-23
3.21099e-23
3.00223e-23
2.80692e-23
2.6242e-23
2.45327e-23
2.29338e-23
2.14381e-23
2.0039e-23
1.87305e-23
1.75067e-23
1.63621e-23
1.52916e-23
1.42906e-23
1.33545e-23
1.24792e-23
1.16608e-23
1.08955e-23
1.01801e-23
9.51116e-24
8.88583e-24
8.30125e-24
7.75478e-24
7.24398e-24
6.76652e-24
6.32026e-24
5.90318e-24
5.51338e-24
5.14909e-24
4.80866e-24
4.49055e-24
4.19329e-24
3.91555e-24
3.65604e-24
3.41358e-24
3.18706e-24
2.97544e-24
2.77775e-24
2.59309e-24
2.42059e-24
2.25947e-24
2.10899e-24
1.96844e-24
1.83717e-24
1.71459e-24
1.60011e-24
1.49322e-24
1.3934e-24
1.3002e-24
1.21318e-24
1.13193e-24
1.05608e-24
9.85274e-25
9.19171e-25
8.57466e-25
7.99868e-25
7.46107e-25
6.95929e-25
6.49097e-25
6.0539e-25
5.64602e-25
5.26539e-25
4.9102e-25
4.57878e-25
4.26954e-25
3.98101e-25
3.71181e-25
3.46067e-25
3.22638e-25
3.00782e-25
2.80395e-25
2.61378e-25
2.4364e-25
2.27096e-25
2.11666e-25
1.97276e-25
1.83856e-25
1.71342e-25
1.59672e-25
1.48791e-25
1.38645e-25
1.29185e-25
1.20366e-25
1.12144e-25
1.04479e-25
9.73332e-26
9.06725e-26
8.44639e-26
7.86771e-26
7.32834e-26
6.82566e-26
6.35718e-26
5.9206e-26
5.51376e-26
5.13465e-26
4.7814e-26
4.45226e-26
4.14559e-26
3.85988e-26
3.59371e-26
3.34574e-26
3.11475e-26
2.89957e-26
2.69915e-26
2.51247e-26
2.3386e-26
2.17666e-26
2.02586e-26
1.88541e-26
1.75463e-26
1.63285e-26
1.51945e-26
1.41387e-26
1.31557e-26
1.22404e-26
1.13884e-26
1.05952e-26
9.85682e-27
9.1695e-27
8.52973e-27
7.93426e-27
7.38003e-27
6.86422e-27
6.38418e-27
5.93745e-27
5.52175e-27
5.13492e-27
4.77498e-27
4.44009e-27
4.12849e-27
3.8386e-27
3.56891e-27
3.31802e-27
3.08464e-27
2.86754e-27
2.66561e-27
2.47779e-27
2.3031e-27
2.14064e-27
1.98955e-27
1.84904e-27
1.71838e-27
1.59689e-27
1.48392e-27
1.37888e-27
1.28122e-27
1.19043e-27
1.10602e-27
1.02755e-27
9.54606e-28
8.86803e-28
8.23779e-28
7.65201e-28
7.10758e-28
6.60159e-28
6.13136e-28
5.69438e-28
5.2883e-28
4.91098e-28
4.56037e-28
4.23461e-28
3.93195e-28
3.65076e-28
3.38954e-28
3.14687e-28
2.92144e-28
2.71204e-28
2.51755e-28
2.3369e-28
2.16912e-28
2.01329e-28
1.86858e-28
1.7342e-28
1.60941e-28
1.49353e-28
1.38594e-28
1.28604e-28
1.19329e-28
1.10718e-28
1.02724e-28
9.5303e-29
8.84143e-29
8.202e-29
7.60847e-29
7.05759e-29
6.54631e-29
6.07181e-29
5.63145e-29
5.2228e-29
4.84359e-29
4.49173e-29
4.16524e-29
3.86231e-29
3.58126e-29
3.32052e-29
3.07862e-29
2.85422e-29
2.64607e-29
2.45299e-29
2.27389e-29
2.10778e-29
1.95372e-29
1.81085e-29
1.67834e-29
1.55547e-29
1.44153e-29
1.33587e-29
1.23791e-29
1.14708e-29
1.06287e-29
9.84795e-30
9.12417e-30
8.45323e-30
7.83127e-30
7.25477e-30
6.72041e-30
6.22513e-30
5.76611e-30
5.3407e-30
4.94646e-30
4.58112e-30
4.24258e-30
3.92889e-30
3.63823e-30
3.36893e-30
3.11943e-30
2.88828e-30
2.67414e-30
2.47577e-30
2.29201e-30
2.1218e-30
1.96415e-30
1.81813e-30
1.68289e-30
1.55764e-30
1.44165e-30
1.33424e-30
1.23478e-30
1.14269e-30
1.05741e-30
9.78462e-31
9.05365e-31
8.37692e-31
7.75044e-31
7.1705e-31
6.63366e-31
6.13675e-31
5.67682e-31
5.25112e-31
4.85714e-31
4.49252e-31
4.15509e-31
3.84283e-31
3.55389e-31
3.28653e-31
3.03915e-31
2.81027e-31
2.59852e-31
2.40261e-31
2.22138e-31
2.05372e-31
1.89864e-31
1.7552e-31
1.62252e-31
1.4998e-31
1.3863e-31
1.28134e-31
1.18427e-31
1.09451e-31
1.01151e-31
9.34762e-32
8.638e-32
7.98189e-32
7.3753e-32
6.81451e-32
6.29609e-32
5.81685e-32
5.37385e-32
4.96438e-32
4.58591e-32
4.23611e-32
3.91281e-32
3.61404e-32
3.33793e-32
3.08278e-32
2.84701e-32
2.62916e-32
2.42787e-32
2.2419e-32
2.07008e-32
1.91134e-32
1.7647e-32
1.62924e-32
1.50412e-32
1.38854e-32
1.28178e-32
1.18319e-32
1.09213e-32
1.00803e-32
9.30369e-33
8.58653e-33
7.92431e-33
7.31284e-33
6.74826e-33
6.227e-33
5.74575e-33
5.30147e-33
4.89132e-33
4.51271e-33
4.16322e-33
3.84063e-33
3.54289e-33
3.26808e-33
3.01446e-33
2.7804e-33
2.5644e-33
2.36508e-33
2.18115e-33
2.01144e-33
1.85486e-33
1.71039e-33
1.5771e-33
1.45414e-33
1.3407e-33
1.23607e-33
1.13954e-33
1.05051e-33
9.68395e-34
8.92658e-34
8.22808e-34
7.58391e-34
6.98987e-34
6.44208e-34
5.93695e-34
5.4712e-34
5.04176e-34
4.64583e-34
4.28081e-34
3.94429e-34
3.63407e-34
3.3481e-34
3.0845e-34
2.84153e-34
2.61758e-34
2.41118e-34
2.22096e-34
2.04566e-34
1.88411e-34
1.73524e-34
1.59806e-34
1.47167e-34
1.35521e-34
1.24792e-34
1.14906e-34
1.058e-34
9.74105e-35
8.96826e-35
8.25641e-35
7.60074e-35
6.99683e-35
6.44063e-35
5.92838e-35
5.45663e-35
5.0222e-35
4.62216e-35
4.2538e-35
3.91462e-35
3.60234e-35
3.31482e-35
3.05011e-35
2.80642e-35
2.58209e-35
2.37559e-35
2.1855e-35
2.01054e-35
1.8495e-35
1.70129e-35
1.56489e-35
1.43936e-35
1.32384e-35
1.21754e-35
1.11973e-35
1.02973e-35
9.46922e-36
8.70736e-36
8.00645e-36
7.36163e-36
6.76845e-36
6.2228e-36
5.72089e-36
5.25923e-36
4.83461e-36
4.44409e-36
4.08493e-36
3.75463e-36
3.45089e-36
3.17158e-36
2.91475e-36
2.67861e-36
2.46149e-36
2.26186e-36
2.07834e-36
1.90963e-36
1.75453e-36
1.61196e-36
1.48091e-36
1.36046e-36
1.24974e-36
1.14799e-36
1.05448e-36
9.6854e-37
8.89567e-37
8.16997e-37
7.50315e-37
6.89045e-37
6.32751e-37
5.81031e-37
5.33515e-37
4.89864e-37
4.49764e-37
4.12929e-37
3.79094e-37
3.48016e-37
3.19472e-37
2.93257e-37
2.69181e-37
2.4707e-37
2.26766e-37
2.08122e-37
1.91002e-37
1.75283e-37
1.6085e-37
1.476e-37
1.35435e-37
1.24267e-37
1.14015e-37
1.04604e-37
9.59661e-38
8.80374e-38
8.07604e-38
7.40816e-38
6.79521e-38
6.23271e-38
5.71652e-38
5.24286e-38
4.80823e-38
4.40944e-38
4.04355e-38
3.70786e-38
3.39989e-38
3.11736e-38
2.85819e-38
2.62045e-38
2.40238e-38
2.20236e-38
2.01891e-38
1.85065e-38
1.69635e-38
1.55484e-38
1.42508e-38
1.30608e-38
1.19698e-38
1.09693e-38
1.00521e-38
9.21117e-39
8.44021e-39
7.73344e-39
7.08555e-39
6.49165e-39
5.94727e-39
5.44831e-39
4.99099e-39
4.57186e-39
4.18774e-39
3.83573e-39
3.51315e-39
3.21756e-39
2.94672e-39
2.69855e-39
2.47118e-39
2.26287e-39
2.07202e-39
1.89719e-39
1.73704e-39
1.59033e-39
1.45595e-39
1.33287e-39
1.22014e-39
1.1169e-39
1.02234e-39
9.35756e-40
8.56463e-40
7.83855e-40
7.17372e-40
6.56499e-40
6.00764e-40
5.49738e-40
5.03024e-40
4.60259e-40
4.21111e-40
3.85277e-40
3.52476e-40
3.22454e-40
2.94976e-40
2.69828e-40
2.46813e-40
2.25751e-40
2.06478e-40
1.88842e-40
1.72704e-40
1.57939e-40
1.4443e-40
1.3207e-40
1.20763e-40
1.1042e-40
1.00957e-40
9.23019e-41
8.43849e-41
7.71435e-41
7.05205e-41
6.44633e-41
5.89238e-41
5.3858e-41
4.92255e-41
4.49896e-41
4.11163e-41
3.75749e-41
3.4337e-41
3.13768e-41
2.86705e-41
2.61965e-41
2.39349e-41
2.18676e-41
1.9978e-41
1.82509e-41
1.66724e-41
1.52297e-41
1.39113e-41
1.27064e-41
1.16054e-41
1.05993e-41
9.68007e-42
8.84014e-42
8.07274e-42
7.37163e-42
6.73112e-42
6.14599e-42
5.61149e-42
5.12324e-42
4.67728e-42
4.26994e-42
3.89792e-42
3.55814e-42
3.24785e-42
2.96449e-42
2.70573e-42
2.46944e-42
2.2537e-42
2.05671e-42
1.87686e-42
1.71266e-42
1.56276e-42
1.42592e-42
1.301e-42
1.18697e-42
1.0829e-42
9.879e-43
9.01198e-43
8.22069e-43
7.49856e-43
6.83956e-43
6.2382e-43
5.68947e-43
5.18879e-43
4.73195e-43
4.31515e-43
3.93489e-43
3.58799e-43
3.27152e-43
2.98284e-43
2.71951e-43
2.47932e-43
2.26025e-43
2.06044e-43
1.87822e-43
1.71203e-43
1.56049e-43
1.42229e-43
1.29628e-43
1.18138e-43
1.07661e-43
9.81099e-44
8.94019e-44
8.14633e-44
7.42263e-44
6.76293e-44
6.16159e-44
5.61348e-44
5.1139e-44
4.65858e-44
4.24362e-44
3.86545e-44
3.52082e-44
3.20678e-44
2.92063e-44
2.65989e-44
2.42233e-44
2.20588e-44
2.00869e-44
1.82905e-44
1.6654e-44
1.51633e-44
1.38054e-44
1.25685e-44
1.1442e-44
1.0416e-44
9.48155e-45
8.63058e-45
7.85564e-45
7.14997e-45
6.5074e-45
5.92233e-45
5.38962e-45
4.90462e-45
4.46306e-45
4.06109e-45
3.69515e-45
3.36204e-45
3.05883e-45
2.78284e-45
2.53165e-45
2.30303e-45
2.09496e-45
1.9056e-45
1.73329e-45
1.57649e-45
1.43381e-45
1.30399e-45
1.18587e-45
1.0784e-45
9.80631e-46
8.91685e-46
8.10772e-46
7.37169e-46
6.70218e-46
6.09322e-46
5.53934e-46
5.03559e-46
4.57745e-46
4.16082e-46
3.78194e-46
3.43741e-46
3.12413e-46
2.83928e-46
2.58029e-46
2.34482e-46
2.13074e-46
1.93613e-46
1.75921e-46
1.59839e-46
1.45221e-46
1.31934e-46
1.19858e-46
1.08882e-46
9.89067e-47
8.98416e-47
8.16037e-47
7.4118e-47
6.73161e-47
6.11357e-47
5.55203e-47
5.04185e-47
4.57835e-47
4.15728e-47
3.77477e-47
3.4273e-47
3.11169e-47
2.82501e-47
2.56464e-47
2.32816e-47
2.11339e-47
1.91835e-47
1.74124e-47
1.58041e-47
1.43437e-47
1.30177e-47
1.18138e-47
1.07207e-47
9.72836e-48
8.82748e-48
8.00968e-48
7.26733e-48
6.59349e-48
5.98186e-48
5.42674e-48
4.92292e-48
4.46568e-48
4.05073e-48
3.67418e-48
3.33248e-48
3.02243e-48
2.74111e-48
2.48587e-48
2.25429e-48
2.0442e-48
1.85361e-48
1.68071e-48
1.52388e-48
1.38161e-48
1.25258e-48
1.13555e-48
1.0294e-48
9.33142e-49
8.45844e-49
7.6668e-49
6.94895e-49
6.29804e-49
5.70785e-49
5.17274e-49
4.68759e-49
4.24776e-49
3.84903e-49
3.48758e-49
3.15993e-49
2.86294e-49
2.59375e-49
2.34976e-49
2.12864e-49
1.92824e-49
1.74663e-49
1.58205e-49
1.43292e-49
1.2978e-49
1.17536e-49
1.06443e-49
9.63922e-50
8.72869e-50
7.90383e-50
7.15661e-50
6.47974e-50
5.86664e-50
5.31131e-50
4.80835e-50
4.35282e-50
3.94027e-50
3.56667e-50
3.22835e-50
2.922e-50
2.6446e-50
2.39343e-50
2.16603e-50
1.96014e-50
1.77375e-50
1.60501e-50
1.45226e-50
1.31399e-50
1.18883e-50
1.07555e-50
9.73016e-51
8.80222e-51
7.96242e-51
7.20243e-51
6.51469e-51
5.89237e-51
5.32926e-51
4.81976e-51
4.35878e-51
3.94171e-51
3.5644e-51
3.22306e-51
2.91429e-51
2.63498e-51
2.38234e-51
2.15382e-51
1.94714e-51
1.76022e-51
1.59117e-51
1.43829e-51
1.30005e-51
1.17504e-51
1.06201e-51
9.59803e-52
8.67398e-52
7.83855e-52
7.08328e-52
6.4005e-52
5.78328e-52
5.22536e-52
4.72105e-52
4.26523e-52
3.85325e-52
3.48092e-52
3.14442e-52
2.84033e-52
2.56553e-52
2.31722e-52
2.09286e-52
1.89013e-52
1.70697e-52
1.54149e-52
1.39199e-52
1.25693e-52
1.13493e-52
1.02473e-52
9.25183e-53
8.35273e-53
7.54068e-53
6.80728e-53
6.14494e-53
5.5468e-53
5.00667e-53
4.51894e-53
4.07854e-53
3.6809e-53
3.32188e-53
2.99775e-53
2.70513e-53
2.44097e-53
2.2025e-53
1.98725e-53
1.79296e-53
1.61759e-53
1.45931e-53
1.31646e-53
1.18754e-53
1.0712e-53
9.66213e-54
8.7148e-54
7.86e-54
7.08874e-54
6.39288e-54
5.76508e-54
5.1987e-54
4.68776e-54
4.22685e-54
3.8111e-54
3.43609e-54
3.09784e-54
2.79277e-54
2.51763e-54
2.2695e-54
2.04574e-54
1.84395e-54
1.662e-54
1.49794e-54
1.35001e-54
1.21664e-54
1.0964e-54
9.87993e-55
8.9027e-55
8.02178e-55
7.22771e-55
6.51196e-55
5.86683e-55
5.28538e-55
4.76136e-55
4.2891e-55
3.86351e-55
3.48e-55
3.13443e-55
2.82304e-55
2.54248e-55
2.28971e-55
2.06197e-55
1.8568e-55
1.67198e-55
1.50549e-55
1.35551e-55
1.22043e-55
1.09875e-55
9.8917e-56
8.90476e-56
8.01594e-56
7.21552e-56
6.49474e-56
5.84571e-56
5.26131e-56
4.73513e-56
4.26138e-56
3.83486e-56
3.45089e-56
3.10522e-56
2.79406e-56
2.51397e-56
2.26185e-56
2.03494e-56
1.8307e-56
1.6469e-56
1.48148e-56
1.33262e-56
1.19866e-56
1.07813e-56
9.69669e-57
8.72083e-57
7.84285e-57
7.05295e-57
6.34232e-57
5.70305e-57
5.12799e-57
4.61072e-57
4.14544e-57
3.72695e-57
3.35056e-57
3.01206e-57
2.70763e-57
2.43387e-57
2.18769e-57
1.96632e-57
1.76728e-57
1.58832e-57
1.42741e-57
1.28276e-57
1.15271e-57
1.0358e-57
9.30705e-58
8.36238e-58
7.51327e-58
6.75009e-58
6.06416e-58
5.4477e-58
4.89369e-58
4.39583e-58
3.94845e-58
3.54644e-58
3.18523e-58
2.86068e-58
2.56909e-58
2.30712e-58
2.07177e-58
1.86035e-58
1.67043e-58
1.49984e-58
1.34661e-58
1.20898e-58
1.08537e-58
9.74351e-59
8.74654e-59
7.85123e-59
7.04726e-59
6.32534e-59
5.67713e-59
5.09512e-59
4.57258e-59
4.10345e-59
3.68229e-59
3.30422e-59
2.96483e-59
2.66018e-59
2.38674e-59
2.14131e-59
1.92103e-59
1.72334e-59
1.54593e-59
1.38672e-59
1.24385e-59
1.11565e-59
1.00062e-59
8.97413e-60
8.04815e-60
7.21741e-60
6.47213e-60
5.80356e-60
5.20382e-60
4.66586e-60
4.18333e-60
3.75054e-60
3.36237e-60
3.01425e-60
2.70205e-60
2.42209e-60
2.17103e-60
1.94592e-60
1.74407e-60
1.56309e-60
1.40082e-60
1.25535e-60
1.12494e-60
1.00803e-60
9.0323e-61
8.09291e-61
7.2509e-61
6.49622e-61
5.81983e-61
5.21363e-61
4.67038e-61
4.18355e-61
3.7473e-61
3.3564e-61
3.00614e-61
2.69232e-61
2.41115e-61
2.15925e-61
1.93359e-61
1.73143e-61
1.55034e-61
1.38813e-61
1.24284e-61
1.11271e-61
9.96155e-62
8.91773e-62
7.98295e-62
7.14583e-62
6.39623e-62
5.725e-62
5.12399e-62
4.58588e-62
4.1041e-62
3.67277e-62
3.28663e-62
2.94096e-62
2.63153e-62
2.35456e-62
2.10664e-62
1.88475e-62
1.68615e-62
1.50842e-62
1.34936e-62
1.20702e-62
1.07965e-62
9.65674e-63
8.63695e-63
7.72452e-63
6.90818e-63
6.17784e-63
5.52448e-63
4.94e-63
4.41716e-63
3.94948e-63
3.53117e-63
3.15703e-63
2.8224e-63
2.52314e-63
2.2555e-63
2.01617e-63
1.80216e-63
1.61079e-63
1.43968e-63
1.28669e-63
1.14991e-63
1.02762e-63
9.18299e-64
8.20572e-64
7.33213e-64
6.55126e-64
5.85329e-64
5.22946e-64
4.67191e-64
4.17362e-64
3.72832e-64
3.33038e-64
2.97479e-64
2.65705e-64
2.37314e-64
2.11948e-64
1.89284e-64
1.69037e-64
1.50949e-64
1.34791e-64
1.20357e-64
1.07464e-64
9.59477e-65
8.5662e-65
7.64756e-65
6.82714e-65
6.09446e-65
5.44018e-65
4.85593e-65
4.33424e-65
3.86842e-65
3.45252e-65
3.0812e-65
2.74969e-65
2.45374e-65
2.18955e-65
1.95372e-65
1.74322e-65
1.55533e-65
1.38762e-65
1.23795e-65
1.10438e-65
9.85169e-66
8.78791e-66
7.83866e-66
6.99164e-66
6.23587e-66
5.56156e-66
4.95994e-66
4.42322e-66
3.9444e-66
3.51726e-66
3.13624e-66
2.79637e-66
2.49322e-66
2.22284e-66
1.9817e-66
1.76664e-66
1.57485e-66
1.40382e-66
1.25131e-66
1.11532e-66
9.94062e-67
8.85951e-67
7.89563e-67
7.03632e-67
6.27025e-67
5.58735e-67
4.9786e-67
4.43598e-67
3.95233e-67
3.52126e-67
3.13707e-67
2.79468e-67
2.48954e-67
2.21763e-67
1.97533e-67
1.75942e-67
1.56705e-67
1.39565e-67
1.24294e-67
1.10689e-67
9.85694e-68
8.77728e-68
7.81553e-68
6.95886e-68
6.19582e-68
5.51621e-68
4.91093e-68
4.37188e-68
3.89182e-68
3.46433e-68
3.08366e-68
2.7447e-68
2.44289e-68
2.17418e-68
1.93493e-68
1.72194e-68
1.53233e-68
1.36354e-68
1.21328e-68
1.07954e-68
9.605e-69
8.54548e-69
7.6025e-69
6.76328e-69
6.01644e-69
5.35184e-69
4.76044e-69
4.23421e-69
3.76599e-69
3.34939e-69
2.97876e-69
2.64901e-69
2.35567e-69
2.09472e-69
1.8626e-69
1.65613e-69
1.47248e-69
1.30914e-69
1.16386e-69
1.03466e-69
9.19769e-70
8.17597e-70
7.26742e-70
6.45956e-70
5.74125e-70
5.10259e-70
4.53478e-70
4.02998e-70
3.58122e-70
3.18229e-70
2.82767e-70
2.51247e-70
2.2323e-70
1.98329e-70
1.76197e-70
1.56529e-70
1.3905e-70
1.23517e-70
1.09715e-70
9.7451e-71
8.65539e-71
7.6872e-71
6.82701e-71
6.06282e-71
5.38393e-71
4.78085e-71
4.24514e-71
3.76929e-71
3.34664e-71
2.97125e-71
2.63785e-71
2.34176e-71
2.07882e-71
1.84531e-71
1.63797e-71
1.45386e-71
1.29039e-71
1.14524e-71
1.01638e-71
9.01984e-72
8.00425e-72
7.1027e-72
6.30242e-72
5.59207e-72
4.96156e-72
4.40196e-72
3.9053e-72
3.46452e-72
3.07336e-72
2.72625e-72
2.41823e-72
2.14492e-72
1.90242e-72
1.68726e-72
1.49637e-72
1.32702e-72
1.17678e-72
1.04351e-72
9.25286e-73
8.20423e-73
7.27413e-73
6.44919e-73
5.71756e-73
5.0687e-73
4.49329e-73
3.98302e-73
3.53055e-73
3.12934e-73
2.7736e-73
2.4582e-73
2.17857e-73
1.93066e-73
1.71089e-73
1.51607e-73
1.34337e-73
1.1903e-73
1.05462e-73
9.34367e-74
8.27789e-74
7.33336e-74
6.49632e-74
5.75457e-74
5.0973e-74
4.51489e-74
3.99886e-74
3.54165e-74
3.13658e-74
2.77772e-74
2.45981e-74
2.17819e-74
1.92873e-74
1.70776e-74
1.51204e-74
1.3387e-74
1.18517e-74
1.04921e-74
9.28804e-75
8.22179e-75
7.27763e-75
6.44162e-75
5.70139e-75
5.046e-75
4.46576e-75
3.95207e-75
3.49731e-75
3.09475e-75
2.7384e-75
2.42299e-75
2.1438e-75
1.89671e-75
1.67802e-75
1.48448e-75
1.31321e-75
1.16164e-75
1.02753e-75
9.08856e-76
8.03855e-76
7.10954e-76
6.28763e-76
5.56049e-76
4.91722e-76
4.34819e-76
3.84483e-76
3.3996e-76
3.00579e-76
2.65749e-76
2.34944e-76
2.07701e-76
1.83609e-76
1.62305e-76
1.43466e-76
1.26808e-76
1.1208e-76
9.90579e-77
8.75449e-77
7.73667e-77
6.83688e-77
6.04148e-77
5.33838e-77
4.7169e-77
4.16759e-77
3.68209e-77
3.25301e-77
2.8738e-77
2.53869e-77
2.24256e-77
1.98088e-77
1.74966e-77
1.54536e-77
1.36486e-77
1.20539e-77
1.06451e-77
9.40046e-78
8.30102e-78
7.32985e-78
6.47201e-78
5.71432e-78
5.04512e-78
4.45409e-78
3.93213e-78
3.47118e-78
3.06414e-78
2.7047e-78
2.38733e-78
2.10711e-78
1.8597e-78
1.64126e-78
1.44842e-78
1.27818e-78
1.12791e-78
9.95252e-79
8.78162e-79
7.74813e-79
6.83598e-79
6.03094e-79
5.32048e-79
4.69351e-79
4.14024e-79
3.65203e-79
3.22125e-79
2.84116e-79
2.50581e-79
2.20994e-79
1.94892e-79
1.71866e-79
1.51554e-79
1.33636e-79
1.17832e-79
1.03892e-79
9.15973e-80
8.0754e-80
7.11913e-80
6.27583e-80
5.53217e-80
4.87643e-80
4.29822e-80
3.78841e-80
3.33892e-80
2.94263e-80
2.59327e-80
2.28528e-80
2.01379e-80
1.77447e-80
1.56352e-80
1.37759e-80
1.21372e-80
1.06929e-80
9.42011e-81
8.29845e-81
7.31002e-81
6.43905e-81
5.6716e-81
4.99541e-81
4.39964e-81
3.87476e-81
3.41234e-81
3.00498e-81
2.64614e-81
2.33004e-81
2.05162e-81
1.80639e-81
1.5904e-81
1.40017e-81
1.23264e-81
1.08511e-81
9.55201e-82
8.40804e-82
7.40075e-82
6.51386e-82
5.73299e-82
5.04552e-82
4.44029e-82
3.90749e-82
3.43847e-82
3.02561e-82
2.66222e-82
2.34236e-82
2.06085e-82
1.81309e-82
1.59504e-82
1.40316e-82
1.23431e-82
1.08573e-82
9.5499e-83
8.39959e-83
7.38751e-83
6.4971e-83
5.71376e-83
5.02465e-83
4.41845e-83
3.88522e-83
3.41619e-83
3.00366e-83
2.64082e-83
2.32172e-83
2.04108e-83
1.79429e-83
1.57727e-83
1.38643e-83
1.21864e-83
1.0711e-83
9.41387e-84
8.27345e-84
7.27086e-84
6.3895e-84
5.61472e-84
4.93368e-84
4.33505e-84
3.8089e-84
3.34646e-84
2.94003e-84
2.58286e-84
2.26897e-84
1.99315e-84
1.75078e-84
1.53781e-84
1.35069e-84
1.18629e-84
1.04185e-84
9.14961e-85
8.0349e-85
7.05568e-85
6.19553e-85
5.44001e-85
4.77641e-85
4.19357e-85
3.6817e-85
3.23216e-85
2.83739e-85
2.49073e-85
2.18633e-85
1.91904e-85
1.68436e-85
1.47831e-85
1.29741e-85
1.1386e-85
9.99187e-86
8.76804e-86
7.69377e-86
6.75083e-86
5.9232e-86
5.1968e-86
4.55929e-86
3.99981e-86
3.50883e-86
3.07799e-86
2.69993e-86
2.3682e-86
2.07714e-86
1.82177e-86
1.59773e-86
1.40118e-86
1.22876e-86
1.0775e-86
9.44828e-87
8.28453e-87
7.2638e-87
6.36855e-87
5.5834e-87
4.89484e-87
4.291e-87
3.76149e-87
3.29718e-87
2.89005e-87
2.53309e-87
2.22012e-87
1.94573e-87
1.70518e-87
1.4943e-87
1.30945e-87
1.14741e-87
1.00538e-87
