0
0.0560795
0.112159
0.168239
0.224318
0.280398
0.336477
0.392557
0.448636
0.504716
0.560795
0.616875
0.672954
0.729034
0.785113
0.841193
0.897272
0.953352
1.00943
1.06551
1.12159
1.17767
1.23375
1.28983
1.34591
1.40199
1.45807
1.51415
1.57023
1.62631
1.68239
1.73847
1.79454
1.85062
1.9067
1.96278
2.01886
2.07494
2.13102
2.1871
2.24318
2.29926
2.35534
2.41142
2.4675
2.52358
2.57966
2.63574
2.69182
2.7479
2.80398
2.86006
2.91614
2.97222
3.02829
3.08437
3.14045
3.19653
3.25261
3.30869
3.36477
3.42085
3.47693
3.53301
3.58909
3.64517
3.70125
3.75733
3.81341
3.86949
3.92557
3.98165
4.03773
4.09381
4.14989
4.20596
4.26204
4.31812
4.3742
4.43028
4.48636
4.54244
4.59852
4.6546
4.71068
4.76676
4.82284
4.87892
4.935
4.99108
5.04716
5.10324
5.15932
5.2154
5.27148
5.32756
5.38363
5.43971
5.49579
5.55187
5.60795
5.66403
5.72011
5.77619
5.83227
5.88835
5.94443
6.00051
6.05659
6.11267
6.16875
6.22483
6.28091
6.33699
6.39307
6.44915
6.50523
6.56131
6.61738
6.67346
6.72954
6.78562
6.8417
6.89778
6.95386
7.00994
7.06602
7.1221
7.17818
7.23426
7.29034
7.34642
7.4025
7.45858
7.51466
7.57074
7.62682
7.6829
7.73898
7.79505
7.85113
7.90721
7.96329
8.01937
8.07545
8.13153
8.18761
8.24369
8.29977
8.35585
8.41193
8.46801
8.52409
8.58017
8.63625
8.69233
8.74841
8.80449
8.86057
8.91665
8.97272
9.0288
9.08488
9.14096
9.19704
9.25312
9.3092
9.36528
9.42136
9.47744
9.53352
9.5896
9.64568
9.70176
9.75784
9.81392
9.87
9.92608
9.98216
10.0382
10.0943
10.1504
10.2065
10.2626
10.3186
10.3747
10.4308
10.4869
10.543
10.599
10.6551
10.7112
10.7673
10.8233
10.8794
10.9355
10.9916
11.0477
11.1037
11.1598
11.2159
11.272
11.3281
11.3841
11.4402
11.4963
11.5524
11.6085
11.6645
11.7206
11.7767
11.8328
11.8889
11.9449
12.001
12.0571
12.1132
12.1693
12.2253
12.2814
12.3375
12.3936
12.4497
12.5057
12.5618
12.6179
12.674
12.7301
12.7861
12.8422
12.8983
12.9544
13.0105
13.0665
13.1226
13.1787
13.2348
13.2908
13.3469
13.403
13.4591
13.5152
13.5712
13.6273
13.6834
13.7395
13.7956
13.8516
13.9077
13.9638
14.0199
14.076
14.132
14.1881
14.2442
14.3003
14.3564
14.4124
14.4685
14.5246
14.5807
14.6368
14.6928
14.7489
14.805
14.8611
14.9172
14.9732
15.0293
15.0854
15.1415
15.1976
15.2536
15.3097
15.3658
15.4219
15.478
15.534
15.5901
15.6462
15.7023
15.7583
15.8144
15.8705
15.9266
15.9827
16.0387
16.0948
16.1509
16.207
16.2631
16.3191
16.3752
16.4313
16.4874
16.5435
16.5995
16.6556
16.7117
16.7678
16.8239
16.8799
16.936
16.9921
17.0482
17.1043
17.1603
17.2164
17.2725
17.3286
17.3847
17.4407
17.4968
17.5529
17.609
17.6651
17.7211
17.7772
17.8333
17.8894
17.9454
18.0015
18.0576
18.1137
18.1698
18.2258
18.2819
18.338
18.3941
18.4502
18.5062
18.5623
18.6184
18.6745
18.7306
18.7866
18.8427
18.8988
18.9549
19.011
19.067
19.1231
19.1792
19.2353
19.2914
19.3474
19.4035
19.4596
19.5157
19.5718
19.6278
19.6839
19.74
19.7961
19.8522
19.9082
19.9643
20.0204
20.0765
20.1326
20.1886
20.2447
20.3008
20.3569
20.4129
20.469
20.5251
20.5812
20.6373
20.6933
20.7494
20.8055
20.8616
20.9177
20.9737
21.0298
21.0859
21.142
21.1981
21.2541
21.3102
21.3663
21.4224
21.4785
21.5345
21.5906
21.6467
21.7028
21.7589
21.8149
21.871
21.9271
21.9832
22.0393
22.0953
22.1514
22.2075
22.2636
22.3197
22.3757
22.4318
22.4879
22.544
22.6001
22.6561
22.7122
22.7683
22.8244
22.8804
22.9365
22.9926
23.0487
23.1048
23.1608
23.2169
23.273
23.3291
23.3852
23.4412
23.4973
23.5534
23.6095
23.6656
23.7216
23.7777
23.8338
23.8899
23.946
24.002
24.0581
24.1142
24.1703
24.2264
24.2824
24.3385
24.3946
24.4507
24.5068
24.5628
24.6189
24.675
24.7311
24.7872
24.8432
24.8993
24.9554
25.0115
25.0676
25.1236
25.1797
25.2358
25.2919
25.3479
25.404
25.4601
25.5162
25.5723
25.6283
25.6844
25.7405
25.7966
25.8527
25.9087
25.9648
26.0209
26.077
26.1331
26.1891
26.2452
26.3013
26.3574
26.4135
26.4695
26.5256
26.5817
26.6378
26.6939
26.7499
26.806
26.8621
26.9182
26.9743
27.0303
27.0864
27.1425
27.1986
27.2547
27.3107
27.3668
27.4229
27.479
27.535
27.5911
27.6472
27.7033
27.7594
27.8154
27.8715
27.9276
27.9837
28.0398
28.0958
28.1519
28.208
28.2641
28.3202
28.3762
28.4323
28.4884
28.5445
28.6006
28.6566
28.7127
28.7688
28.8249
28.881
28.937
28.9931
29.0492
29.1053
29.1614
29.2174
29.2735
29.3296
29.3857
29.4418
29.4978
29.5539
29.61
29.6661
29.7222
29.7782
29.8343
29.8904
29.9465
30.0025
30.0586
30.1147
30.1708
30.2269
30.2829
30.339
30.3951
30.4512
30.5073
30.5633
30.6194
30.6755
30.7316
30.7877
30.8437
30.8998
30.9559
31.012
31.0681
31.1241
31.1802
31.2363
31.2924
31.3485
31.4045
31.4606
31.5167
31.5728
31.6289
31.6849
31.741
31.7971
31.8532
31.9093
31.9653
32.0214
32.0775
32.1336
32.1897
32.2457
32.3018
32.3579
32.414
32.47
32.5261
32.5822
32.6383
32.6944
32.7504
32.8065
32.8626
32.9187
32.9748
33.0308
33.0869
33.143
33.1991
33.2552
33.3112
33.3673
33.4234
33.4795
33.5356
33.5916
33.6477
33.7038
33.7599
33.816
33.872
33.9281
33.9842
34.0403
34.0964
34.1524
34.2085
34.2646
34.3207
34.3768
34.4328
34.4889
34.545
34.6011
34.6572
34.7132
34.7693
34.8254
34.8815
34.9375
34.9936
35.0497
35.1058
35.1619
35.2179
35.274
35.3301
35.3862
35.4423
35.4983
35.5544
35.6105
35.6666
35.7227
35.7787
35.8348
35.8909
35.947
36.0031
36.0591
36.1152
36.1713
36.2274
36.2835
36.3395
36.3956
36.4517
36.5078
36.5639
36.6199
36.676
36.7321
36.7882
36.8443
36.9003
36.9564
37.0125
37.0686
37.1246
37.1807
37.2368
37.2929
37.349
37.405
37.4611
37.5172
37.5733
37.6294
37.6854
37.7415
37.7976
37.8537
37.9098
37.9658
38.0219
38.078
38.1341
38.1902
38.2462
38.3023
38.3584
38.4145
38.4706
38.5266
38.5827
38.6388
38.6949
38.751
38.807
38.8631
38.9192
38.9753
39.0314
39.0874
39.1435
39.1996
39.2557
39.3118
39.3678
39.4239
39.48
39.5361
39.5921
39.6482
39.7043
39.7604
39.8165
39.8725
39.9286
39.9847
40.0408
40.0969
40.1529
40.209
40.2651
40.3212
40.3773
40.4333
40.4894
40.5455
40.6016
40.6577
40.7137
40.7698
40.8259
40.882
40.9381
40.9941
41.0502
41.1063
41.1624
41.2185
41.2745
41.3306
41.3867
41.4428
41.4989
41.5549
41.611
41.6671
41.7232
41.7793
41.8353
41.8914
41.9475
42.0036
42.0596
42.1157
42.1718
42.2279
42.284
42.34
42.3961
42.4522
42.5083
42.5644
42.6204
42.6765
42.7326
42.7887
42.8448
42.9008
42.9569
43.013
43.0691
43.1252
43.1812
43.2373
43.2934
43.3495
43.4056
43.4616
43.5177
43.5738
43.6299
43.686
43.742
43.7981
43.8542
43.9103
43.9664
44.0224
44.0785
44.1346
44.1907
44.2467
44.3028
44.3589
44.415
44.4711
44.5271
44.5832
44.6393
44.6954
44.7515
44.8075
44.8636
44.9197
44.9758
45.0319
45.0879
45.144
45.2001
45.2562
45.3123
45.3683
45.4244
45.4805
45.5366
45.5927
45.6487
45.7048
45.7609
45.817
45.8731
45.9291
45.9852
46.0413
46.0974
46.1535
46.2095
46.2656
46.3217
46.3778
46.4339
46.4899
46.546
46.6021
46.6582
46.7142
46.7703
46.8264
46.8825
46.9386
46.9946
47.0507
47.1068
47.1629
47.219
47.275
47.3311
47.3872
47.4433
47.4994
47.5554
47.6115
47.6676
47.7237
47.7798
47.8358
47.8919
47.948
48.0041
48.0602
48.1162
48.1723
48.2284
48.2845
48.3406
48.3966
48.4527
48.5088
48.5649
48.621
48.677
48.7331
48.7892
48.8453
48.9014
48.9574
49.0135
49.0696
49.1257
49.1817
49.2378
49.2939
49.35
49.4061
49.4621
49.5182
49.5743
49.6304
49.6865
49.7425
49.7986
49.8547
49.9108
49.9669
50.0229
50.079
50.1351
50.1912
50.2473
50.3033
50.3594
50.4155
50.4716
50.5277
50.5837
50.6398
50.6959
50.752
50.8081
50.8641
50.9202
50.9763
51.0324
51.0885
51.1445
51.2006
51.2567
51.3128
51.3689
51.4249
51.481
51.5371
51.5932
51.6492
51.7053
51.7614
51.8175
51.8736
51.9296
51.9857
52.0418
52.0979
52.154
52.21
52.2661
52.3222
52.3783
52.4344
52.4904
52.5465
52.6026
52.6587
52.7148
52.7708
52.8269
52.883
52.9391
52.9952
53.0512
53.1073
53.1634
53.2195
53.2756
53.3316
53.3877
53.4438
53.4999
53.556
53.612
53.6681
53.7242
53.7803
53.8363
53.8924
53.9485
54.0046
54.0607
54.1167
54.1728
54.2289
54.285
54.3411
54.3971
54.4532
54.5093
54.5654
54.6215
54.6775
54.7336
54.7897
54.8458
54.9019
54.9579
55.014
55.0701
55.1262
55.1823
55.2383
55.2944
55.3505
55.4066
55.4627
55.5187
55.5748
55.6309
55.687
55.7431
55.7991
55.8552
55.9113
55.9674
56.0235
56.0795
56.1356
56.1917
56.2478
56.3038
56.3599
56.416
56.4721
56.5282
56.5842
56.6403
56.6964
56.7525
56.8086
56.8646
56.9207
56.9768
57.0329
57.089
57.145
57.2011
57.2572
57.3133
57.3694
57.4254
57.4815
57.5376
57.5937
57.6498
57.7058
57.7619
57.818
57.8741
57.9302
57.9862
58.0423
58.0984
58.1545
58.2106
58.2666
58.3227
58.3788
58.4349
58.491
58.547
58.6031
58.6592
58.7153
58.7713
58.8274
58.8835
58.9396
58.9957
59.0517
59.1078
59.1639
59.22
59.2761
59.3321
59.3882
59.4443
59.5004
59.5565
59.6125
59.6686
59.7247
59.7808
59.8369
59.8929
59.949
60.0051
60.0612
60.1173
60.1733
60.2294
60.2855
60.3416
60.3977
60.4537
60.5098
60.5659
60.622
60.6781
60.7341
60.7902
60.8463
60.9024
60.9585
61.0145
61.0706
61.1267
61.1828
61.2388
61.2949
61.351
61.4071
61.4632
61.5192
61.5753
61.6314
61.6875
61.7436
61.7996
61.8557
61.9118
61.9679
62.024
62.08
62.1361
62.1922
62.2483
62.3044
62.3604
62.4165
62.4726
62.5287
62.5848
62.6408
62.6969
62.753
62.8091
62.8652
62.9212
62.9773
63.0334
63.0895
63.1456
63.2016
63.2577
63.3138
63.3699
63.4259
63.482
63.5381
63.5942
63.6503
63.7063
63.7624
63.8185
63.8746
63.9307
63.9867
64.0428
64.0989
64.155
64.2111
64.2671
64.3232
64.3793
64.4354
64.4915
64.5475
64.6036
64.6597
64.7158
64.7719
64.8279
64.884
64.9401
64.9962
65.0523
65.1083
65.1644
65.2205
65.2766
65.3327
65.3887
65.4448
65.5009
65.557
65.6131
65.6691
65.7252
65.7813
65.8374
65.8934
65.9495
66.0056
66.0617
66.1178
66.1738
66.2299
66.286
66.3421
66.3982
66.4542
66.5103
66.5664
66.6225
66.6786
66.7346
66.7907
66.8468
66.9029
66.959
67.015
67.0711
67.1272
67.1833
67.2394
67.2954
67.3515
67.4076
67.4637
67.5198
67.5758
67.6319
67.688
67.7441
67.8002
67.8562
67.9123
67.9684
68.0245
68.0806
68.1366
68.1927
68.2488
68.3049
68.3609
68.417
68.4731
68.5292
68.5853
68.6413
68.6974
68.7535
68.8096
68.8657
68.9217
68.9778
69.0339
69.09
69.1461
69.2021
69.2582
69.3143
69.3704
69.4265
69.4825
69.5386
69.5947
69.6508
69.7069
69.7629
69.819
69.8751
69.9312
69.9873
70.0433
70.0994
70.1555
70.2116
70.2677
70.3237
70.3798
70.4359
70.492
70.548
70.6041
70.6602
70.7163
70.7724
70.8284
70.8845
70.9406
70.9967
71.0528
71.1088
71.1649
71.221
71.2771
71.3332
71.3892
71.4453
71.5014
71.5575
71.6136
71.6696
71.7257
71.7818
71.8379
71.894
71.95
72.0061
72.0622
72.1183
72.1744
72.2304
72.2865
72.3426
72.3987
72.4548
72.5108
72.5669
72.623
72.6791
72.7352
72.7912
72.8473
72.9034
72.9595
73.0155
73.0716
73.1277
73.1838
73.2399
73.2959
73.352
73.4081
73.4642
73.5203
73.5763
73.6324
73.6885
73.7446
73.8007
73.8567
73.9128
73.9689
74.025
74.0811
74.1371
74.1932
74.2493
74.3054
74.3615
74.4175
74.4736
74.5297
74.5858
74.6419
74.6979
74.754
74.8101
74.8662
74.9223
74.9783
75.0344
75.0905
75.1466
75.2027
75.2587
75.3148
75.3709
75.427
75.483
75.5391
75.5952
75.6513
75.7074
75.7634
75.8195
75.8756
75.9317
75.9878
76.0438
76.0999
76.156
76.2121
76.2682
76.3242
76.3803
76.4364
76.4925
76.5486
76.6046
76.6607
76.7168
76.7729
76.829
76.885
76.9411
76.9972
77.0533
77.1094
77.1654
77.2215
77.2776
77.3337
77.3898
77.4458
77.5019
77.558
77.6141
77.6702
77.7262
77.7823
77.8384
77.8945
77.9505
78.0066
78.0627
78.1188
78.1749
78.2309
78.287
78.3431
78.3992
78.4553
78.5113
78.5674
78.6235
78.6796
78.7357
78.7917
78.8478
78.9039
78.96
79.0161
79.0721
79.1282
79.1843
79.2404
79.2965
79.3525
79.4086
79.4647
79.5208
79.5769
79.6329
79.689
79.7451
79.8012
79.8573
79.9133
79.9694
80.0255
80.0816
80.1376
80.1937
80.2498
80.3059
80.362
80.418
80.4741
80.5302
80.5863
80.6424
80.6984
80.7545
80.8106
80.8667
80.9228
80.9788
81.0349
81.091
81.1471
81.2032
81.2592
81.3153
81.3714
81.4275
81.4836
81.5396
81.5957
81.6518
81.7079
81.764
81.82
81.8761
81.9322
81.9883
82.0444
82.1004
82.1565
82.2126
82.2687
82.3248
82.3808
82.4369
82.493
82.5491
82.6051
82.6612
82.7173
82.7734
82.8295
82.8855
82.9416
82.9977
83.0538
83.1099
83.1659
83.222
83.2781
83.3342
83.3903
83.4463
83.5024
83.5585
83.6146
83.6707
83.7267
83.7828
83.8389
83.895
83.9511
84.0071
84.0632
84.1193
84.1754
84.2315
84.2875
84.3436
84.3997
84.4558
84.5119
84.5679
84.624
84.6801
84.7362
84.7923
84.8483
84.9044
84.9605
85.0166
85.0726
85.1287
85.1848
85.2409
85.297
85.353
85.4091
85.4652
85.5213
85.5774
85.6334
85.6895
85.7456
85.8017
85.8578
85.9138
85.9699
86.026
86.0821
86.1382
86.1942
86.2503
86.3064
86.3625
86.4186
86.4746
86.5307
86.5868
86.6429
86.699
86.755
86.8111
86.8672
86.9233
86.9794
87.0354
87.0915
87.1476
87.2037
87.2598
87.3158
87.3719
87.428
87.4841
87.5401
87.5962
87.6523
87.7084
87.7645
87.8205
87.8766
87.9327
87.9888
88.0449
88.1009
88.157
88.2131
88.2692
88.3253
88.3813
88.4374
88.4935
88.5496
88.6057
88.6617
88.7178
88.7739
88.83
88.8861
88.9421
88.9982
89.0543
89.1104
89.1665
89.2225
89.2786
89.3347
89.3908
89.4469
89.5029
89.559
89.6151
89.6712
89.7272
89.7833
89.8394
89.8955
89.9516
90.0076
90.0637
90.1198
90.1759
90.232
90.288
90.3441
90.4002
90.4563
90.5124
90.5684
90.6245
90.6806
90.7367
90.7928
90.8488
90.9049
90.961
91.0171
91.0732
91.1292
91.1853
91.2414
91.2975
91.3536
91.4096
91.4657
91.5218
91.5779
91.634
91.69
91.7461
91.8022
91.8583
91.9144
91.9704
92.0265
92.0826
92.1387
92.1947
92.2508
92.3069
92.363
92.4191
92.4751
92.5312
92.5873
92.6434
92.6995
92.7555
92.8116
92.8677
92.9238
92.9799
93.0359
93.092
93.1481
93.2042
93.2603
93.3163
93.3724
93.4285
93.4846
93.5407
93.5967
93.6528
93.7089
93.765
93.8211
93.8771
93.9332
93.9893
94.0454
94.1015
94.1575
94.2136
94.2697
94.3258
94.3819
94.4379
94.494
94.5501
94.6062
94.6622
94.7183
94.7744
94.8305
94.8866
94.9426
94.9987
95.0548
95.1109
95.167
95.223
95.2791
95.3352
95.3913
95.4474
95.5034
95.5595
95.6156
95.6717
95.7278
95.7838
95.8399
95.896
95.9521
96.0082
96.0642
96.1203
96.1764
96.2325
96.2886
96.3446
96.4007
96.4568
96.5129
96.569
96.625
96.6811
96.7372
96.7933
96.8493
96.9054
96.9615
97.0176
97.0737
97.1297
97.1858
97.2419
97.298
97.3541
97.4101
97.4662
97.5223
97.5784
97.6345
97.6905
97.7466
97.8027
97.8588
97.9149
97.9709
98.027
98.0831
98.1392
98.1953
98.2513
98.3074
98.3635
98.4196
98.4757
98.5317
98.5878
98.6439
98.7
98.7561
98.8121
98.8682
98.9243
98.9804
99.0365
99.0925
99.1486
99.2047
99.2608
99.3168
99.3729
99.429
99.4851
99.5412
99.5972
99.6533
99.7094
99.7655
99.8216
99.8776
99.9337
99.9898
100.046
100.102
100.158
100.214
100.27
100.326
100.382
100.438
100.495
100.551
100.607
100.663
100.719
100.775
100.831
100.887
100.943
100.999
101.055
101.111
101.167
101.224
101.28
101.336
101.392
101.448
101.504
101.56
101.616
101.672
101.728
101.784
101.84
101.897
101.953
102.009
102.065
102.121
102.177
102.233
102.289
102.345
102.401
102.457
102.513
102.569
102.626
102.682
102.738
102.794
102.85
102.906
102.962
103.018
103.074
103.13
103.186
103.242
103.298
103.355
103.411
103.467
103.523
103.579
103.635
103.691
103.747
103.803
103.859
103.915
103.971
104.028
104.084
104.14
104.196
104.252
104.308
104.364
104.42
104.476
104.532
104.588
104.644
104.7
104.757
104.813
104.869
104.925
104.981
105.037
105.093
105.149
105.205
105.261
105.317
105.373
105.43
105.486
105.542
105.598
105.654
105.71
105.766
105.822
105.878
105.934
105.99
106.046
106.102
106.159
106.215
106.271
106.327
106.383
106.439
106.495
106.551
106.607
106.663
106.719
106.775
106.832
106.888
106.944
107
107.056
107.112
107.168
107.224
107.28
107.336
107.392
107.448
107.504
107.561
107.617
107.673
107.729
107.785
107.841
107.897
107.953
108.009
108.065
108.121
108.177
108.233
108.29
108.346
108.402
108.458
108.514
108.57
108.626
108.682
108.738
108.794
108.85
108.906
108.963
109.019
109.075
109.131
109.187
109.243
109.299
109.355
109.411
109.467
109.523
109.579
109.635
109.692
109.748
109.804
109.86
109.916
109.972
110.028
110.084
110.14
110.196
110.252
110.308
110.365
110.421
110.477
110.533
110.589
110.645
110.701
110.757
110.813
110.869
110.925
110.981
111.037
111.094
111.15
111.206
111.262
111.318
111.374
111.43
111.486
111.542
111.598
111.654
111.71
111.767
111.823
111.879
111.935
111.991
112.047
112.103
112.159
112.215
112.271
112.327
112.383
112.439
112.496
112.552
112.608
112.664
112.72
112.776
112.832
112.888
112.944
113
113.056
113.112
113.168
113.225
113.281
113.337
113.393
113.449
113.505
113.561
113.617
113.673
113.729
113.785
113.841
113.898
113.954
114.01
114.066
114.122
114.178
114.234
114.29
114.346
114.402
114.458
114.514
114.57
114.627
114.683
114.739
114.795
114.851
114.907
114.963
115.019
115.075
115.131
115.187
115.243
115.3
115.356
115.412
115.468
115.524
115.58
115.636
115.692
115.748
115.804
115.86
115.916
115.972
116.029
116.085
116.141
116.197
116.253
116.309
116.365
116.421
116.477
116.533
116.589
116.645
116.702
116.758
116.814
116.87
116.926
116.982
117.038
117.094
117.15
117.206
117.262
117.318
117.374
117.431
117.487
117.543
117.599
117.655
117.711
117.767
117.823
117.879
117.935
117.991
118.047
118.103
118.16
118.216
118.272
118.328
118.384
118.44
118.496
118.552
118.608
118.664
118.72
118.776
118.833
118.889
118.945
119.001
119.057
119.113
119.169
119.225
119.281
119.337
119.393
119.449
119.505
119.562
119.618
119.674
119.73
119.786
119.842
119.898
119.954
120.01
120.066
120.122
120.178
120.235
120.291
120.347
120.403
120.459
120.515
120.571
120.627
120.683
120.739
120.795
120.851
120.907
120.964
121.02
121.076
121.132
121.188
121.244
121.3
121.356
121.412
121.468
121.524
121.58
121.637
121.693
121.749
121.805
121.861
121.917
121.973
122.029
122.085
122.141
122.197
122.253
122.309
122.366
122.422
122.478
122.534
122.59
122.646
122.702
122.758
122.814
122.87
122.926
122.982
123.038
123.095
123.151
123.207
123.263
123.319
123.375
123.431
123.487
123.543
123.599
123.655
123.711
123.768
123.824
123.88
123.936
123.992
124.048
124.104
124.16
124.216
124.272
124.328
124.384
124.44
124.497
124.553
124.609
124.665
124.721
124.777
124.833
124.889
124.945
125.001
125.057
125.113
125.17
125.226
125.282
125.338
125.394
125.45
125.506
125.562
125.618
125.674
125.73
125.786
125.842
125.899
125.955
126.011
126.067
126.123
126.179
126.235
126.291
126.347
126.403
126.459
126.515
126.572
126.628
126.684
126.74
126.796
126.852
126.908
126.964
127.02
127.076
127.132
127.188
127.244
127.301
127.357
127.413
127.469
127.525
127.581
127.637
127.693
127.749
127.805
127.861
127.917
127.973
128.03
128.086
128.142
128.198
128.254
128.31
128.366
128.422
128.478
128.534
128.59
128.646
128.703
128.759
128.815
128.871
128.927
128.983
129.039
129.095
129.151
129.207
129.263
129.319
129.375
129.432
129.488
129.544
129.6
129.656
129.712
129.768
129.824
129.88
129.936
129.992
130.048
130.105
130.161
130.217
130.273
130.329
130.385
130.441
130.497
130.553
130.609
130.665
130.721
130.777
130.834
130.89
130.946
131.002
131.058
131.114
131.17
131.226
131.282
131.338
131.394
131.45
131.507
131.563
131.619
131.675
131.731
131.787
131.843
131.899
131.955
132.011
132.067
132.123
132.179
132.236
132.292
132.348
132.404
132.46
132.516
132.572
132.628
132.684
132.74
132.796
132.852
132.908
132.965
133.021
133.077
133.133
133.189
133.245
133.301
133.357
133.413
133.469
133.525
133.581
133.638
133.694
133.75
133.806
133.862
133.918
133.974
134.03
134.086
134.142
134.198
134.254
134.31
134.367
134.423
134.479
134.535
134.591
134.647
134.703
134.759
134.815
134.871
134.927
134.983
135.04
135.096
135.152
135.208
135.264
135.32
135.376
135.432
135.488
135.544
135.6
135.656
135.712
135.769
135.825
135.881
135.937
135.993
136.049
136.105
136.161
136.217
136.273
136.329
136.385
136.441
136.498
136.554
136.61
136.666
136.722
136.778
136.834
136.89
136.946
137.002
137.058
137.114
137.171
137.227
137.283
137.339
137.395
137.451
137.507
137.563
137.619
137.675
137.731
137.787
137.843
137.9
137.956
138.012
138.068
138.124
138.18
138.236
138.292
138.348
138.404
138.46
138.516
138.573
138.629
138.685
138.741
138.797
138.853
138.909
138.965
139.021
139.077
139.133
139.189
139.245
139.302
139.358
139.414
139.47
139.526
139.582
139.638
139.694
139.75
139.806
139.862
139.918
139.975
140.031
140.087
140.143
140.199
140.255
140.311
140.367
140.423
140.479
140.535
140.591
140.647
140.704
140.76
140.816
140.872
140.928
140.984
141.04
141.096
141.152
141.208
141.264
141.32
141.376
141.433
141.489
141.545
141.601
141.657
141.713
141.769
141.825
141.881
141.937
141.993
142.049
142.106
142.162
142.218
142.274
142.33
142.386
142.442
142.498
142.554
142.61
142.666
142.722
142.778
142.835
142.891
142.947
143.003
143.059
143.115
143.171
143.227
143.283
143.339
143.395
143.451
143.508
143.564
143.62
143.676
143.732
143.788
143.844
143.9
143.956
144.012
144.068
144.124
144.18
144.237
144.293
144.349
144.405
144.461
144.517
144.573
144.629
144.685
144.741
144.797
144.853
144.91
144.966
145.022
145.078
145.134
145.19
145.246
145.302
145.358
145.414
145.47
145.526
145.582
145.639
145.695
145.751
145.807
145.863
145.919
145.975
146.031
146.087
146.143
146.199
146.255
146.311
146.368
146.424
146.48
146.536
146.592
146.648
146.704
146.76
146.816
146.872
146.928
146.984
147.041
147.097
147.153
147.209
147.265
147.321
147.377
147.433
147.489
147.545
147.601
147.657
147.713
147.77
147.826
147.882
147.938
147.994
148.05
148.106
148.162
148.218
148.274
148.33
148.386
148.443
148.499
148.555
148.611
148.667
148.723
148.779
148.835
148.891
148.947
149.003
149.059
149.115
149.172
149.228
149.284
149.34
149.396
149.452
149.508
149.564
149.62
149.676
149.732
149.788
149.845
149.901
149.957
150.013
150.069
150.125
150.181
150.237
150.293
150.349
150.405
150.461
150.517
150.574
150.63
150.686
150.742
150.798
150.854
150.91
150.966
151.022
151.078
151.134
151.19
151.246
151.303
151.359
151.415
151.471
151.527
151.583
151.639
151.695
151.751
151.807
151.863
151.919
151.976
152.032
152.088
152.144
152.2
152.256
152.312
152.368
152.424
152.48
152.536
152.592
152.648
152.705
152.761
152.817
152.873
152.929
152.985
153.041
153.097
153.153
153.209
153.265
153.321
153.378
153.434
153.49
153.546
153.602
153.658
153.714
153.77
153.826
153.882
153.938
153.994
154.05
154.107
154.163
154.219
154.275
154.331
154.387
154.443
154.499
154.555
154.611
154.667
154.723
154.78
154.836
154.892
154.948
155.004
155.06
155.116
155.172
155.228
155.284
155.34
155.396
155.452
155.509
155.565
155.621
155.677
155.733
155.789
155.845
155.901
155.957
156.013
156.069
156.125
156.181
156.238
156.294
156.35
156.406
156.462
156.518
156.574
156.63
156.686
156.742
156.798
156.854
156.911
156.967
157.023
157.079
157.135
157.191
157.247
157.303
157.359
157.415
157.471
157.527
157.583
157.64
157.696
157.752
157.808
157.864
157.92
157.976
158.032
158.088
158.144
158.2
158.256
158.313
158.369
158.425
158.481
158.537
158.593
158.649
158.705
158.761
158.817
158.873
158.929
158.985
159.042
159.098
159.154
159.21
159.266
159.322
159.378
159.434
159.49
159.546
159.602
159.658
159.715
159.771
159.827
159.883
159.939
159.995
160.051
160.107
160.163
160.219
160.275
160.331
160.387
160.444
160.5
160.556
160.612
160.668
160.724
160.78
160.836
160.892
160.948
161.004
161.06
161.116
161.173
161.229
161.285
161.341
161.397
161.453
161.509
161.565
161.621
161.677
161.733
161.789
161.846
161.902
161.958
162.014
162.07
162.126
162.182
162.238
162.294
162.35
162.406
162.462
162.518
162.575
162.631
162.687
162.743
162.799
162.855
162.911
162.967
163.023
163.079
163.135
163.191
163.248
163.304
163.36
163.416
163.472
163.528
163.584
163.64
163.696
163.752
163.808
163.864
163.92
163.977
164.033
164.089
164.145
164.201
164.257
164.313
164.369
164.425
164.481
164.537
164.593
164.65
164.706
164.762
164.818
164.874
164.93
164.986
165.042
165.098
165.154
165.21
165.266
165.322
165.379
165.435
165.491
165.547
165.603
165.659
165.715
165.771
165.827
165.883
165.939
165.995
166.051
166.108
166.164
166.22
166.276
166.332
166.388
166.444
166.5
166.556
166.612
166.668
166.724
166.781
166.837
166.893
166.949
167.005
167.061
167.117
167.173
167.229
167.285
167.341
167.397
167.453
167.51
167.566
167.622
167.678
167.734
167.79
167.846
167.902
167.958
168.014
168.07
168.126
168.183
168.239
168.295
168.351
168.407
168.463
168.519
168.575
168.631
168.687
168.743
168.799
168.855
168.912
168.968
169.024
169.08
169.136
169.192
169.248
169.304
169.36
169.416
169.472
169.528
169.585
169.641
169.697
169.753
169.809
169.865
169.921
169.977
170.033
170.089
170.145
170.201
170.257
170.314
170.37
170.426
170.482
170.538
170.594
170.65
170.706
170.762
170.818
170.874
170.93
170.986
171.043
171.099
171.155
171.211
171.267
171.323
171.379
171.435
171.491
171.547
171.603
171.659
171.716
171.772
171.828
171.884
171.94
171.996
172.052
172.108
172.164
172.22
172.276
172.332
172.388
172.445
172.501
172.557
172.613
172.669
172.725
172.781
172.837
172.893
172.949
173.005
173.061
173.118
173.174
173.23
173.286
173.342
173.398
173.454
173.51
173.566
173.622
173.678
173.734
173.79
173.847
173.903
173.959
174.015
174.071
174.127
174.183
174.239
174.295
174.351
174.407
174.463
174.52
174.576
174.632
174.688
174.744
174.8
174.856
174.912
174.968
175.024
175.08
175.136
175.192
175.249
175.305
175.361
175.417
175.473
175.529
175.585
175.641
175.697
175.753
175.809
175.865
175.921
175.978
176.034
176.09
176.146
176.202
176.258
176.314
176.37
176.426
176.482
176.538
176.594
176.651
176.707
176.763
176.819
176.875
176.931
176.987
177.043
177.099
177.155
177.211
177.267
177.323
177.38
177.436
177.492
177.548
177.604
177.66
177.716
177.772
177.828
177.884
177.94
177.996
178.053
178.109
178.165
178.221
178.277
178.333
178.389
178.445
178.501
178.557
178.613
178.669
178.725
178.782
178.838
178.894
178.95
179.006
179.062
179.118
179.174
179.23
179.286
179.342
179.398
179.454
179.511
179.567
179.623
179.679
179.735
179.791
179.847
179.903
179.959
180.015
180.071
180.127
180.184
180.24
180.296
180.352
180.408
180.464
180.52
180.576
180.632
180.688
180.744
180.8
180.856
180.913
180.969
181.025
181.081
181.137
181.193
181.249
181.305
181.361
181.417
181.473
181.529
181.586
181.642
181.698
181.754
181.81
181.866
181.922
181.978
182.034
182.09
182.146
182.202
182.258
182.315
182.371
182.427
182.483
182.539
182.595
182.651
182.707
182.763
182.819
182.875
182.931
182.988
183.044
183.1
183.156
183.212
183.268
183.324
183.38
183.436
183.492
183.548
183.604
183.66
183.717
183.773
183.829
183.885
183.941
183.997
184.053
184.109
184.165
184.221
184.277
184.333
184.389
184.446
184.502
184.558
184.614
184.67
184.726
184.782
184.838
184.894
184.95
185.006
185.062
185.119
185.175
185.231
185.287
185.343
185.399
185.455
185.511
185.567
185.623
185.679
185.735
185.791
185.848
185.904
185.96
186.016
186.072
186.128
186.184
186.24
186.296
186.352
186.408
186.464
186.521
186.577
186.633
186.689
186.745
186.801
186.857
186.913
186.969
187.025
187.081
187.137
187.193
187.25
187.306
187.362
187.418
187.474
187.53
187.586
187.642
187.698
187.754
187.81
187.866
187.923
187.979
188.035
188.091
188.147
188.203
188.259
188.315
188.371
188.427
188.483
188.539
188.595
188.652
188.708
188.764
188.82
188.876
188.932
188.988
189.044
189.1
189.156
189.212
189.268
189.324
189.381
189.437
189.493
189.549
189.605
189.661
189.717
189.773
189.829
189.885
189.941
189.997
190.054
190.11
190.166
190.222
190.278
190.334
190.39
190.446
190.502
190.558
190.614
190.67
190.726
190.783
190.839
190.895
190.951
191.007
191.063
191.119
191.175
191.231
191.287
191.343
191.399
191.456
191.512
191.568
191.624
191.68
191.736
191.792
191.848
191.904
191.96
192.016
192.072
192.128
192.185
192.241
192.297
192.353
192.409
192.465
192.521
192.577
192.633
192.689
192.745
192.801
192.858
192.914
192.97
193.026
193.082
193.138
193.194
193.25
193.306
193.362
193.418
193.474
193.53
193.587
193.643
193.699
193.755
193.811
193.867
193.923
193.979
194.035
194.091
194.147
194.203
194.259
194.316
194.372
194.428
194.484
194.54
194.596
194.652
194.708
194.764
194.82
194.876
194.932
194.989
195.045
195.101
195.157
195.213
195.269
195.325
195.381
195.437
195.493
195.549
195.605
195.661
195.718
195.774
195.83
195.886
195.942
195.998
196.054
196.11
196.166
196.222
196.278
196.334
196.391
196.447
196.503
196.559
196.615
196.671
196.727
196.783
196.839
196.895
196.951
197.007
197.063
197.12
197.176
197.232
197.288
197.344
197.4
197.456
197.512
197.568
197.624
197.68
197.736
197.793
197.849
197.905
197.961
198.017
198.073
198.129
198.185
198.241
198.297
198.353
198.409
198.465
198.522
198.578
198.634
198.69
198.746
198.802
198.858
198.914
198.97
199.026
199.082
199.138
199.194
199.251
199.307
199.363
199.419
199.475
199.531
199.587
199.643
199.699
199.755
199.811
199.867
199.924
199.98
200.036
200.092
200.148
200.204
200.26
200.316
200.372
200.428
200.484
200.54
200.596
200.653
200.709
200.765
200.821
200.877
200.933
200.989
201.045
201.101
201.157
201.213
201.269
201.326
201.382
201.438
201.494
201.55
201.606
201.662
201.718
201.774
201.83
201.886
201.942
201.998
202.055
202.111
202.167
202.223
202.279
202.335
202.391
202.447
202.503
202.559
202.615
202.671
202.728
202.784
202.84
202.896
202.952
203.008
203.064
203.12
203.176
203.232
203.288
203.344
203.4
203.457
203.513
203.569
203.625
203.681
203.737
203.793
203.849
203.905
203.961
204.017
204.073
204.129
204.186
204.242
204.298
204.354
204.41
204.466
204.522
204.578
204.634
204.69
204.746
204.802
204.859
204.915
204.971
205.027
205.083
205.139
205.195
205.251
205.307
205.363
205.419
205.475
205.531
205.588
205.644
205.7
205.756
205.812
205.868
205.924
205.98
206.036
206.092
206.148
206.204
206.261
206.317
206.373
206.429
206.485
206.541
206.597
206.653
206.709
206.765
206.821
206.877
206.933
206.99
207.046
207.102
207.158
207.214
207.27
207.326
207.382
207.438
207.494
207.55
207.606
207.663
207.719
207.775
207.831
207.887
207.943
207.999
208.055
208.111
208.167
208.223
208.279
208.335
208.392
208.448
208.504
208.56
208.616
208.672
208.728
208.784
208.84
208.896
208.952
209.008
209.064
209.121
209.177
209.233
209.289
209.345
209.401
209.457
209.513
209.569
209.625
209.681
209.737
209.794
209.85
209.906
209.962
210.018
210.074
210.13
210.186
210.242
210.298
210.354
210.41
210.466
210.523
210.579
210.635
210.691
210.747
210.803
210.859
210.915
210.971
211.027
211.083
211.139
211.196
211.252
211.308
211.364
211.42
211.476
211.532
211.588
211.644
211.7
211.756
211.812
211.868
211.925
211.981
212.037
212.093
212.149
212.205
212.261
212.317
212.373
212.429
212.485
212.541
212.598
212.654
212.71
212.766
212.822
212.878
212.934
212.99
213.046
213.102
213.158
213.214
213.27
213.327
213.383
213.439
213.495
213.551
213.607
213.663
213.719
213.775
213.831
213.887
213.943
213.999
214.056
214.112
214.168
214.224
214.28
214.336
214.392
214.448
214.504
214.56
214.616
214.672
214.729
214.785
214.841
214.897
214.953
215.009
215.065
215.121
215.177
215.233
215.289
215.345
215.401
215.458
215.514
215.57
215.626
215.682
215.738
215.794
215.85
215.906
215.962
216.018
216.074
216.131
216.187
216.243
216.299
216.355
216.411
216.467
216.523
216.579
216.635
216.691
216.747
216.803
216.86
216.916
216.972
217.028
217.084
217.14
217.196
217.252
217.308
217.364
217.42
217.476
217.533
217.589
217.645
217.701
217.757
217.813
217.869
217.925
217.981
218.037
218.093
218.149
218.205
218.262
218.318
218.374
218.43
218.486
218.542
218.598
218.654
218.71
218.766
218.822
218.878
218.934
218.991
219.047
219.103
219.159
219.215
219.271
219.327
219.383
219.439
219.495
219.551
219.607
219.664
219.72
219.776
219.832
219.888
219.944
220
